1.3553
1.2911
1.2395
1.1800
1.1175
1.0544
0.9903
0.9258
0.8630
0.8029
0.7458
0.6910
0.6395
0.5908
0.5449
0.5015
0.4603
0.4215
0.3834
0.3505
0.3160
0.2853
0.2538
0.2240
0.1973
0.1702
0.1460
0.1222
0.0993
0.0776
0.0569
0.0371
0.0183
0.0002
-0.0169
-0.0333
-0.0491
-0.0640
-0.0781
-0.0917
-0.1045
-0.1170
-0.1286
-0.1399
-0.1506
-0.1608
-0.1705
-0.1798
-0.1890
-0.1973
-0.2054
-0.2131
-0.2206
-0.2270
-0.2342
-0.2405
-0.2467
-0.2523
-0.2578
-0.2628
-0.2681
-0.2729
-0.2775
-0.2819
-0.2861
-0.2900
-0.2936
-0.2974
-0.3008
-0.3040
-0.3072
-0.3104
-0.3132
-0.3158
-0.3186
-0.3209
-0.3233
-0.3255
-0.3278
