1.4461
1.4048
1.3627
1.3190
1.2777
1.2371
1.1987
1.1596
1.1203
1.0833
1.0472
1.0132
0.9776
0.9454
0.9116
0.8808
0.8487
0.8195
0.7901
0.7613
0.7321
0.7048
0.6789
0.6528
0.6266
0.6025
0.5783
0.5547
0.5307
0.5083
0.4870
0.4648
0.4439
0.4235
0.4034
0.3840
0.3650
0.3465
0.3290
0.3113
0.2935
0.2766
0.2608
0.2446
0.2290
0.2138
0.1988
0.1843
0.1699
0.1561
0.1426
0.1293
0.1166
0.1039
0.0916
0.0793
0.0679
0.0565
0.0454
0.0344
0.0235
0.0135
0.0031
-0.0066
-0.0164
-0.0257
-0.0350
-0.0437
-0.0526
-0.0611
-0.0694
-0.0775
-0.0854
-0.0931
-0.1008
-0.1082
-0.1149
-0.1223
-0.1292
-0.1358
-0.1424
-0.1486
-0.1549
