168           34.957        
169           34.956        
170           34.956        
171           34.955        
172           34.955        
173           34.955        
174           34.953        
175           34.953        
176           34.953        
177           34.952        
178           34.952        
179           34.951        
180           34.951        
181           34.951        
182           34.949        
183           34.949        
184           34.948        
185           34.948        
186           34.947        
187           34.947        
188           34.946        
189           34.946        
190           34.945        
191           34.944        
192           34.944        
193           34.943        
194           34.943        
195           34.942        
196           34.941        
197           34.941        
198           34.940        
199           34.940        
200           34.941        
201           34.940        
202           34.938        
203           34.939        
204           34.938        
205           34.937        
206           34.937        
207           34.936        
208           34.936        
209           34.935        
210           34.934        
211           34.934        
212           34.933        
213           34.932        
214           34.932        
215           34.932        
216           34.931        
217           34.932        
218           34.931        
219           34.930        
220           34.930        
221           34.931        
222           34.932        
223           34.936        
224           34.938        
225           34.940        
226           34.944        
227           34.946        
228           34.950        
229           34.955        
230           34.957        
231           34.962        
232           34.964        
233           34.965        
234           34.972        
235           34.974        
236           34.976        
237           34.978        
238           34.980        
239           34.980        
240           34.980        
241           34.981        
242           34.982        
243           34.981        
244           34.982        
245           34.982        
246           34.982        
247           34.983        
248           34.983        
249           34.982        
250           34.982        
251           34.982        
252           34.981        
253           34.981        
254           34.981        
255           34.980        
256           34.979        
257           34.979        
258           34.978        
259           34.979        
260           34.979        
261           34.978        
262           34.976        
263           34.976        
264           34.975        
265           34.974        
266           34.975        
267           34.975        
268           34.974        
269           34.974        
270           34.973        
271           34.973        
272           34.972        
273           34.971        
274           34.971        
275           34.971        
276           34.970        
277           34.970        
278           34.968        
279           34.968        
280           34.968        
281           34.967        
282           34.966        
283           34.966        
284           34.966        
285           34.966        
286           34.965        
287           34.964        
288           34.964        
289           34.963        
290           34.962        
291           34.962        
292           34.962        
293           34.962        
294           34.961        
295           34.961        
296           34.959        
297           34.960        
298           34.959        
299           34.958        
300           34.958        
301           34.957        
302           34.956        
303           34.956        
304           34.954        
305           34.954        
306           34.953        
307           34.953        
308           34.953        
309           34.952        
310           34.952        
311           34.951        
312           34.949        
313           34.950        
314           34.950        
315           34.949        
316           34.949        
317           34.948        
318           34.947        
319           34.947        
320           34.946        
321           34.946        
322           34.945        
323           34.945        
324           34.944        
325           34.943        
326           34.943        
327           34.942        
328           34.942        
329           34.942        
330           34.941        
331           34.940        
332           34.940        
333           34.940        
334           34.939        
335           34.937        
336           34.936        
337           34.936        
338           34.936        
339           34.935        
340           34.935        
341           34.935        
342           34.934        
343           34.933        
344           34.933        
345           34.932        
346           34.932        
347           34.932        
348           34.932        
349           34.933        
350           34.934        
351           34.939        
352           34.942        
353           34.944        
354           34.949        
355           34.950        
356           34.953        
357           34.957        
358           34.962        
359           34.972        
360           34.976        
361           34.980        
362           34.980        
363           34.981        
364           34.983        
365           34.982        
366           34.982        
367           34.983        
368           34.983        
369           34.984        
370           34.984        
371           34.985        
372           34.985        
373           34.985        
374           34.985        
375           34.985        
376           34.984        
377           34.983        
378           34.983        
379           34.983        
380           34.982        
381           34.982        
382           34.982        
383           34.982        
384           34.982        
385           34.981        
386           34.980        
387           34.980        
388           34.980        
389           34.979        
390           34.978        
391           34.977        
392           34.978        
393           34.978        
394           34.977        
395           34.976        
396           34.976        
397           34.976        
398           34.975        
399           34.974        
400           34.973        
401           34.973        
402           34.973        
403           34.971        
404           34.971        
405           34.971        
406           34.971        
407           34.970        
408           34.970        
409           34.969        
410           34.969        
411           34.968        
412           34.967        
413           34.966        
414           34.965        
415           34.965        
416           34.965        
417           34.964        
418           34.964        
419           34.963        
420           34.963        
421           34.963        
422           34.962        
423           34.961        
424           34.961        
425           34.960        
426           34.960        
427           34.959        
428           34.959        
429           34.958        
430           34.958        
431           34.958        
432           34.956        
433           34.956        
434           34.954        
435           34.953        
436           34.954        
437           34.953        
438           34.953        
439           34.953        
440           34.952        
441           34.952        
442           34.950        
443           34.950        
444           34.950        
445           34.949        
446           34.949        
447           34.949        
448           34.948        
449           34.948        
450           34.946        
451           34.946        
452           34.945        
453           34.945        
454           34.944        
455           34.944        
456           34.943        
457           34.943        
458           34.943        
459           34.942        
460           34.942        
461           34.941        
462           34.940        
463           34.940        
464           34.939        
465           34.939        
466           34.938        
467           34.938        
468           34.937        
469           34.937        
470           34.936        
471           34.935        
472           34.935        
473           34.934        
474           34.934        
475           34.933        
476           34.933        
477           34.932        
478           34.932        
479           34.933        
480           34.934        
481           34.937        
482           34.939        
483           34.940        
484           34.944        
485           34.946        
486           34.949        
487           34.951        
488           34.952        
489           34.962        
490           34.964        
491           34.968        
492           34.972        
493           34.975        
494           34.980        
495           34.980        
496           34.980        
497           34.981        
498           34.981        
499           34.981        
500           34.982        
501           34.982        
502           34.982        
503           34.982        
504           34.982        
505           34.982        
506           34.982        
507           34.982        
508           34.982        
509           34.982        
510           34.980        
511           34.980        
512           34.980        
513           34.980        
514           34.979        
515           34.979        
516           34.979        
517           34.978        
518           34.977        
519           34.977        
520           34.977        
521           34.977        
522           34.976        
523           34.975        
524           34.974        
525           34.974        
526           34.974        
527           34.973        
528           34.972        
529           34.971        
530           34.971        
531           34.970        
532           34.969        
533           34.969        
534           34.969        
535           34.968        
536           34.967        
537           34.967        
538           34.966        
539           34.966        
540           34.966        
541           34.964        
542           34.964        
543           34.964        
544           34.963        
545           34.963        
546           34.963        
547           34.962        
548           34.961        
549           34.961        
550           34.960        
551           34.959        
552           34.959        
553           34.958        
554           34.957        
555           34.957        
556           34.956        
557           34.957        
558           34.956        
559           34.955        
560           34.955        
561           34.954        
562           34.955        
563           34.955        
564           34.955        
565           34.954        
566           34.953        
567           34.951        
568           34.951        
569           34.951        
570           34.949        
571           34.949        
572           34.948        
573           34.948        
574           34.948        
575           34.947        
576           34.946        
577           34.946        
578           34.945        
579           34.945        
580           34.944        
581           34.944        
582           34.944        
583           34.942        
584           34.942        
585           34.941        
586           34.940        
587           34.940        
588           34.940        
589           34.939        
590           34.938        
591           34.938        
592           34.938        
593           34.937        
594           34.937        
595           34.936        
596           34.935        
597           34.935        
598           34.935        
599           34.935        
600           34.935        
601           34.933        
602           34.933        
603           34.933        
604           34.933        
605           34.934        
606           34.936        
607           34.939        
608           34.941        
609           34.946        
610           34.949        
611           34.953        
612           34.955        
613           34.958        
614           34.961        
615           34.964        
616           34.970        
617           34.973        
618           34.975        
619           34.981        
620           34.982        
621           34.982        
622           34.984        
623           34.984        
624           34.985        
625           34.985        
626           34.985        
627           34.985        
628           34.984        
629           34.983        
630           34.983        
631           34.983        
632           34.983        
633           34.984        
634           34.983        
635           34.983        
636           34.982        
637           34.982        
638           34.982        
639           34.981        
640           34.981        
641           34.981        
642           34.980        
643           34.980        
644           34.979        
645           34.979        
646           34.979        
647           34.978        
648           34.977        
649           34.977        
650           34.976        
651           34.975        
652           34.975        
653           34.973        
654           34.973        
655           34.973        
656           34.973        
657           34.973        
658           34.972        
659           34.972        
660           34.971        
661           34.970        
662           34.969        
663           34.969        
664           34.968        
665           34.968        
666           34.968        
667           34.968        
668           34.968        
669           34.967        
670           34.966        
671           34.966        
672           34.965        
673           34.964        
674           34.962        
675           34.962        
676           34.962        
677           34.961        
678           34.961        
679           34.960        
680           34.960        
681           34.959        
682           34.959        
683           34.959        
684           34.958        
685           34.958        
686           34.957        
687           34.956        
688           34.955        
689           34.954        
690           34.954        
691           34.954        
692           34.953        
693           34.953        
694           34.952        
695           34.951        
696           34.951        
697           34.950        
698           34.949        
699           34.949        
700           34.948        
701           34.948        
702           34.948        
703           34.947        
704           34.947        
705           34.946        
706           34.945        
707           34.946        
708           34.944        
709           34.944        
710           34.944        
711           34.943        
712           34.942        
713           34.942        
714           34.942        
715           34.940        
716           34.940        
717           34.940        
718           34.939        
719           34.939        
720           34.939        
721           34.938        
722           34.937        
723           34.936        
724           34.936        
725           34.936        
726           34.935        
727           34.935        
728           34.934        
729           34.934        
730           34.933        
731           34.933        
732           34.933        
733           34.934        
734           34.935        
735           34.938        
736           34.944        
737           34.945        
738           34.948        
739           34.954        
740           34.957        
741           34.964        
742           34.967        
743           34.969        
744           34.974        
745           34.976        
746           34.976        
747           34.978        
748           34.979        
749           34.979        
750           34.980        
751           34.979        
752           34.979        
753           34.980        
754           34.980        
755           34.981        
756           34.981        
757           34.980        
758           34.979        
759           34.979        
760           34.979        
761           34.978        
762           34.977        
763           34.977        
764           34.977        
765           34.977        
766           34.977        
767           34.976        
768           34.975        
769           34.975        
770           34.974        
771           34.974        
772           34.973        
773           34.972        
774           34.972        
775           34.973        
776           34.972        
777           34.972        
778           34.971        
779           34.971        
780           34.969        
781           34.969        
782           34.969        
783           34.968        
784           34.967        
785           34.967        
786           34.965        
787           34.965        
788           34.965        
789           34.965        
790           34.965        
791           34.963        
792           34.963        
793           34.962        
794           34.961        
795           34.961        
796           34.961        
797           34.960        
798           34.959        
799           34.959        
800           34.959        
801           34.957        
802           34.957        
803           34.957        
804           34.956        
805           34.956        
806           34.955        
807           34.955        
808           34.954        
809           34.953        
810           34.952        
811           34.952        
812           34.951        
813           34.950        
814           34.949        
815           34.949        
816           34.949        
817           34.949        
818           34.948        
819           34.947        
820           34.947        
821           34.946        
822           34.946        
823           34.946        
824           34.946        
825           34.944        
826           34.944        
827           34.944        
828           34.942        
829           34.942        
830           34.942        
831           34.941        
832           34.941        
833           34.940        
834           34.940        
835           34.939        
836           34.938        
837           34.938        
838           34.938        
839           34.938        
840           34.936        
841           34.935        
842           34.935        
843           34.935        
844           34.934        
845           34.933        
846           34.933        
847           34.932        
848           34.932        
849           34.932        
850           34.932        
851           34.935        
852           34.937        
853           34.941        
854           34.944        
855           34.945        
856           34.950        
857           34.953        
858           34.955        
859           34.960        
860           34.963        
861           34.967        
862           34.968        
863           34.970        
864           34.974        
865           34.975        
866           34.978        
867           34.978        
868           34.979        
869           34.979        
870           34.980        
871           34.981        
872           34.980        
873           34.980        
874           34.981        
875           34.980        
876           34.980        
877           34.979        
878           34.979        
879           34.980        
880           34.979        
881           34.978        
882           34.979        
883           34.979        
884           34.978        
885           34.977        
886           34.977        
887           34.977        
888           34.976        
889           34.976        
890           34.975        
891           34.974        
892           34.974        
893           34.974        
894           34.973        
895           34.972        
896           34.971        
897           34.971        
898           34.970        
899           34.970        
900           34.969        
901           34.969        
902           34.969        
903           34.968        
904           34.967        
905           34.966        
906           34.967        
907           34.966        
908           34.965        
909           34.964        
910           34.964        
911           34.964        
912           34.964        
913           34.962        
914           34.962        
915           34.962        
916           34.961        
917           34.960        
918           34.960        
919           34.959        
920           34.959        
921           34.959        
