1             9.712         
2             9.712         
3             9.713         
4             9.713         
5             9.714         
6             9.714         
7             9.714         
8             9.716         
9             9.716         
10            9.716         
11            9.716         
12            9.716         
13            9.717         
14            9.717         
15            9.717         
16            9.718         
17            9.718         
18            9.718         
19            9.719         
20            9.719         
21            9.719         
22            9.719         
23            9.719         
24            9.720         
25            9.719         
26            9.719         
27            9.721         
28            9.720         
29            9.720         
30            9.720         
31            9.721         
32            9.721         
33            9.721         
34            9.721         
35            9.722         
36            9.721         
37            9.722         
38            9.722         
39            9.722         
40            9.722         
41            9.722         
42            9.722         
43            9.723         
44            9.723         
45            9.723         
46            9.724         
47            9.723         
48            9.723         
49            9.724         
50            9.724         
51            9.724         
52            9.725         
53            9.725         
54            9.725         
55            9.725         
56            9.725         
57            9.725         
58            9.725         
59            9.725         
60            9.725         
61            9.726         
62            9.725         
63            9.726         
64            9.726         
65            9.726         
66            9.726         
67            9.726         
68            9.726         
69            9.726         
70            9.725         
71            9.727         
72            9.727         
73            9.727         
74            9.727         
75            9.727         
76            9.727         
77            9.727         
78            9.727         
79            9.727         
80            9.727         
81            9.727         
82            9.726         
83            9.727         
84            9.727         
85            9.727         
86            9.727         
87            9.728         
88            9.728         
89            9.728         
90            9.728         
91            9.728         
92            9.728         
93            9.728         
94            9.728         
95            9.729         
96            9.728         
97            9.728         
98            9.729         
99            9.729         
100           9.728         
101           9.729         
102           9.728         
103           9.729         
104           9.729         
105           9.729         
106           9.729         
107           9.729         
108           9.729         
109           9.730         
110           9.730         
111           9.730         
112           9.730         
113           9.730         
114           9.730         
115           9.730         
116           9.730         
117           9.730         
118           9.730         
119           9.730         
120           9.731         
121           9.731         
122           9.730         
123           9.730         
124           9.730         
125           9.730         
126           9.730         
127           9.730         
128           9.731         
129           9.731         
130           9.731         
131           9.732         
132           9.731         
133           9.731         
134           9.731         
135           9.731         
136           9.731         
137           9.731         
138           9.732         
139           9.732         
140           9.732         
141           9.732         
142           9.732         
143           9.733         
144           9.733         
145           9.733         
146           9.733         
147           9.733         
148           9.733         
149           9.733         
150           9.732         
151           9.733         
152           9.732         
153           9.732         
154           9.732         
155           9.732         
156           9.732         
157           9.733         
158           9.733         
159           9.733         
160           9.733         
161           9.733         
162           9.733         
163           9.733         
164           9.733         
165           9.733         
166           9.734         
167           9.733         
168           9.733         
169           9.734         
170           9.734         
171           9.734         
172           9.734         
173           9.734         
174           9.734         
175           9.734         
176           9.735         
177           9.734         
178           9.734         
179           9.734         
180           9.734         
181           9.735         
182           9.735         
183           9.735         
184           9.735         
185           9.735         
186           9.734         
187           9.735         
188           9.735         
189           9.735         
190           9.735         
191           9.736         
192           9.736         
193           9.735         
194           9.734         
195           9.735         
196           9.735         
197           9.735         
198           9.735         
199           9.736         
200           9.736         
201           9.736         
202           9.735         
203           9.736         
204           9.736         
205           9.736         
206           9.737         
207           9.736         
208           9.736         
209           9.736         
210           9.736         
211           9.736         
212           9.736         
213           9.736         
214           9.736         
215           9.737         
216           9.737         
217           9.737         
218           9.737         
219           9.737         
220           9.736         
221           9.736         
222           9.737         
223           9.737         
224           9.737         
225           9.737         
226           9.737         
227           9.737         
228           9.737         
229           9.737         
230           9.738         
231           9.738         
232           9.738         
233           9.738         
234           9.738         
235           9.738         
236           9.738         
237           9.738         
238           9.738         
239           9.738         
240           9.738         
241           9.738         
242           9.739         
243           9.738         
244           9.738         
245           9.738         
246           9.738         
247           9.738         
248           9.738         
249           9.739         
250           9.739         
251           9.738         
252           9.739         
253           9.739         
254           9.739         
255           9.739         
256           9.739         
257           9.739         
258           9.739         
259           9.739         
260           9.739         
261           9.739         
262           9.739         
263           9.739         
264           9.739         
265           9.740         
266           9.740         
267           9.739         
268           9.740         
269           9.740         
270           9.740         
271           9.740         
272           9.740         
273           9.740         
274           9.740         
275           9.740         
276           9.740         
277           9.741         
278           9.740         
279           9.740         
280           9.741         
281           9.741         
282           9.740         
283           9.740         
284           9.740         
285           9.740         
286           9.741         
287           9.741         
288           9.741         
289           9.741         
290           9.740         
291           9.740         
292           9.741         
293           9.740         
294           9.741         
295           9.741         
296           9.741         
297           9.741         
298           9.740         
299           9.741         
300           9.742         
301           9.741         
302           9.741         
303           9.741         
304           9.742         
305           9.742         
306           9.741         
307           9.741         
308           9.742         
309           9.742         
310           9.742         
311           9.742         
312           9.742         
313           9.742         
314           9.742         
315           9.741         
316           9.741         
317           9.741         
318           9.741         
319           9.742         
320           9.742         
321           9.742         
322           9.742         
323           9.742         
324           9.742         
325           9.743         
326           9.743         
327           9.743         
328           9.743         
329           9.743         
330           9.743         
331           9.743         
332           9.742         
333           9.742         
334           9.743         
335           9.743         
336           9.743         
337           9.743         
338           9.743         
339           9.743         
340           9.743         
341           9.743         
342           9.743         
343           9.743         
344           9.743         
345           9.743         
346           9.744         
347           9.744         
348           9.743         
349           9.744         
350           9.744         
351           9.744         
352           9.744         
353           9.744         
354           9.744         
355           9.744         
356           9.744         
357           9.744         
358           9.745         
359           9.744         
360           9.744         
361           9.744         
362           9.744         
363           9.744         
364           9.744         
365           9.745         
366           9.744         
367           9.744         
368           9.744         
369           9.744         
370           9.744         
371           9.744         
372           9.744         
373           9.744         
374           9.744         
375           9.744         
376           9.744         
377           9.745         
378           9.744         
379           9.744         
380           9.745         
381           9.745         
382           9.745         
383           9.745         
384           9.745         
385           9.745         
386           9.745         
387           9.745         
388           9.745         
389           9.745         
390           9.746         
391           9.746         
392           9.745         
393           9.745         
394           9.746         
395           9.746         
396           9.746         
397           9.745         
398           9.746         
399           9.746         
400           9.747         
401           9.747         
402           9.748         
403           9.749         
404           9.749         
405           9.751         
406           9.754         
407           9.758         
408           9.761         
409           9.765         
410           9.779         
411           9.786         
412           9.796         
413           9.801         
414           9.804         
415           9.812         
416           9.816         
417           9.820         
418           9.826         
419           9.830         
420           9.838         
421           9.843         
422           9.849         
423           9.871         
424           9.884         
425           9.901         
426           9.907         
427           9.914         
428           9.931         
429           9.943         
430           9.958         
431           9.979         
432           9.986         
433           9.999         
434           10.006        
435           10.022        
436           10.107        
437           10.154        
438           10.190        
439           10.221        
440           10.224        
441           10.230        
442           10.235        
443           10.238        
444           10.234        
445           10.229        
446           10.216        
447           10.214        
448           10.214        
449           10.216        
450           10.216        
451           10.217        
452           10.218        
453           10.219        
454           10.225        
455           10.230        
456           10.235        
457           10.247        
458           10.254        
459           10.264        
460           10.269        
461           10.273        
462           10.284        
463           10.291        
464           10.298        
465           10.313        
466           10.321        
467           10.337        
468           10.347        
469           10.363        
470           10.399        
471           10.413        
472           10.433        
473           10.440        
474           10.447        
475           10.455        
476           10.458        
477           10.460        
478           10.464        
479           10.467        
480           10.483        
481           10.495        
482           10.508        
483           10.535        
484           10.546        
485           10.559        
486           10.565        
487           10.571        
488           10.581        
489           10.584        
490           10.587        
491           10.595        
492           10.601        
493           10.618        
494           10.639        
495           10.672        
496           10.752        
497           10.785        
498           10.818        
499           10.819        
500           10.818        
501           10.806        
502           10.801        
503           10.798        
504           10.792        
505           10.788        
506           10.775        
507           10.768        
508           10.764        
509           10.764        
510           10.765        
511           10.766        
512           10.767        
513           10.769        
514           10.773        
515           10.773        
516           10.773        
517           10.773        
518           10.773        
519           10.776        
520           10.778        
521           10.779        
522           10.786        
523           10.789        
524           10.796        
525           10.800        
526           10.803        
527           10.809        
528           10.812        
529           10.816        
530           10.822        
531           10.826        
532           10.837        
533           10.842        
534           10.850        
535           10.863        
536           10.867        
537           10.875        
538           10.878        
539           10.883        
540           10.898        
541           10.905        
542           10.909        
543           10.915        
544           10.916        
545           10.917        
546           10.915        
547           10.914        
548           10.913        
549           10.914        
550           10.917        
551           10.919        
552           10.921        
553           10.926        
554           10.928        
555           10.929        
556           10.934        
557           10.937        
558           10.940        
559           10.942        
560           10.945        
561           10.954        
562           10.960        
563           10.970        
564           10.975        
565           10.979        
566           10.984        
567           10.986        
568           10.987        
569           10.989        
570           10.991        
571           10.994        
572           10.996        
573           10.999        
574           11.001        
575           11.001        
576           11.002        
577           11.004        
578           11.005        
579           11.008        
580           11.011        
581           11.012        
582           11.016        
583           11.019        
584           11.023        
585           11.026        
586           11.029        
587           11.035        
588           11.037        
589           11.039        
590           11.045        
591           11.048        
592           11.055        
593           11.058        
594           11.061        
595           11.065        
596           11.067        
597           11.071        
598           11.074        
599           11.076        
600           11.079        
601           11.081        
602           11.083        
603           11.086        
604           11.088        
605           11.089        
606           11.090        
607           11.092        
608           11.097        
609           11.098        
610           11.103        
611           11.104        
612           11.104        
613           11.109        
614           11.114        
615           11.118        
616           11.124        
617           11.127        
618           11.129        
619           11.132        
620           11.134        
621           11.138        
622           11.139        
623           11.141        
624           11.141        
625           11.142        
626           11.144        
627           11.145        
628           11.145        
629           11.147        
630           11.147        
631           11.149        
632           11.149        
633           11.150        
634           11.152        
635           11.152        
636           11.154        
637           11.155        
638           11.156        
639           11.158        
640           11.159        
641           11.161        
642           11.164        
643           11.166        
644           11.170        
645           11.172        
646           11.173        
647           11.175        
648           11.176        
649           11.177        
650           11.178        
651           11.180        
652           11.182        
653           11.183        
654           11.186        
655           11.188        
656           11.190        
657           11.192        
658           11.194        
659           11.195        
660           11.198        
661           11.199        
662           11.202        
663           11.204        
664           11.205        
665           11.207        
666           11.207        
667           11.208        
668           11.210        
669           11.210        
670           11.212        
671           11.213        
672           11.213        
673           11.216        
674           11.216        
675           11.219        
676           11.220        
677           11.222        
678           11.224        
679           11.226        
680           11.228        
681           11.232        
682           11.234        
683           11.238        
684           11.239        
685           11.241        
686           11.242        
687           11.242        
688           11.243        
689           11.244        
690           11.244        
691           11.245        
692           11.246        
693           11.246        
694           11.247        
695           11.248        
696           11.250        
697           11.250        
698           11.251        
699           11.253        
700           11.254        
701           11.255        
702           11.255        
703           11.256        
704           11.257        
705           11.258        
706           11.258        
707           11.260        
708           11.261        
709           11.263        
710           11.264        
711           11.265        
712           11.266        
713           11.266        
714           11.267        
715           11.267        
716           11.268        
717           11.269        
718           11.270        
719           11.271        
720           11.272        
721           11.272        
722           11.275        
723           11.278        
724           11.280        
725           11.285        
726           11.286        
727           11.288        
728           11.289        
729           11.290        
730           11.291        
731           11.292        
732           11.293        
733           11.294        
734           11.294        
735           11.294        
736           11.294        
737           11.294        
738           11.294        
739           11.294        
740           11.294        
741           11.294        
742           11.294        
743           11.296        
744           11.297        
745           11.298        
746           11.301        
747           11.302        
748           11.304        
749           11.304        
750           11.304        
751           11.304        
752           11.304        
753           11.304        
754           11.304        
755           11.304        
756           11.305        
757           11.305        
758           11.305        
759           11.306        
760           11.307        
761           11.307        
762           11.308        
763           11.308        
764           11.310        
765           11.310        
766           11.311        
767           11.313        
768           11.315        
769           11.319        
770           11.319        
771           11.320        
772           11.321        
773           11.321        
774           11.321        
775           11.321        
776           11.321        
777           11.321        
778           11.321        
779           11.321        
780           11.321        
781           11.321        
782           11.323        
783           11.323        
784           11.324        
785           11.326        
786           11.326        
787           11.327        
788           11.327        
789           11.327        
790           11.327        
791           11.327        
792           11.328        
793           11.328        
794           11.328        
795           11.329        
796           11.329        
797           11.331        
798           11.332        
799           11.333        
800           11.333        
801           11.334        
802           11.334        
803           11.334        
804           11.336        
805           11.336        
806           11.336        
807           11.336        
808           11.337        
809           11.337        
810           11.338        
811           11.338        
812           11.339        
813           11.339        
814           11.339        
815           11.340        
816           11.341        
817           11.342        
818           11.342        
819           11.343        
820           11.343        
821           11.344        
822           11.345        
823           11.345        
824           11.345        
825           11.345        
826           11.346        
827           11.346        
828           11.346        
829           11.346        
830           11.346        
831           11.347        
832           11.348        
833           11.347        
834           11.347        
835           11.348        
836           11.348        
837           11.349        
838           11.350        
839           11.350        
840           11.351        
841           11.351        
842           11.351        
843           11.352        
844           11.352        
845           11.352        
846           11.353        
847           11.354        
848           11.354        
849           11.355        
850           11.355        
851           11.355        
852           11.356        
853           11.357        
854           11.357        
855           11.358        
856           11.358        
857           11.358        
858           11.359        
859           11.359        
860           11.359        
861           11.360        
862           11.360        
863           11.360        
864           11.360        
865           11.360        
866           11.361        
867           11.361        
868           11.361        
869           11.361        
870           11.362        
871           11.362        
872           11.363        
873           11.363        
874           11.364        
875           11.364        
876           11.364        
877           11.364        
878           11.365        
879           11.365        
880           11.364        
881           11.365        
882           11.365        
883           11.366        
884           11.366        
885           11.366        
886           11.367        
887           11.367        
888           11.367        
889           11.367        
890           11.367        
891           11.368        
892           11.369        
893           11.371        
894           11.371        
895           11.371        
896           11.371        
897           11.371        
898           11.371        
899           11.372        
900           11.372        
901           11.372        
902           11.372        
903           11.373        
904           11.372        
905           11.372        
906           11.373        
907           11.373        
908           11.373        
909           11.373        
910           11.374        
911           11.375        
912           11.376        
913           11.376        
914           11.376        
915           11.375        
916           11.376        
917           11.377        
918           11.377        
919           11.377        
920           11.377        
921           11.377        
922           11.378        
923           11.378        
924           11.378        
925           11.378        
926           11.379        
927           11.379        
928           11.380        
929           11.380        
930           11.379        
931           11.380        
932           11.380        
933           11.379        
934           11.380        
935           11.380        
936           11.381        
937           11.381        
938           11.381        
939           11.381        
940           11.382        
941           11.383        
942           11.383        
943           11.383        
944           11.383        
945           11.384        
946           11.384        
947           11.383        
948           11.383        
949           11.385        
950           11.384        
951           11.384        
952           11.384        
953           11.384        
954           11.384        
955           11.385        
956           11.385        
957           11.384        
958           11.385        
959           11.386        
960           11.386        
961           11.387        
962           11.388        
963           11.387        
964           11.388        
965           11.388        
966           11.388        
967           11.388        
968           11.388        
969           11.388        
970           11.389        
971           11.389        
972           11.389        
973           11.390        
974           11.389        
975           11.389        
976           11.389        
977           11.389        
978           11.389        
979           11.389        
980           11.390        
981           11.390        
982           11.390        
983           11.389        
984           11.390        
985           11.390        
986           11.390        
987           11.391        
988           11.391        
989           11.391        
990           11.391        
991           11.391        
992           11.391        
993           11.391        
994           11.392        
995           11.392        
996           11.392        
997           11.392        
998           11.392        
999           11.392        
1000          11.392        
1001          11.392        
1002          11.392        
1003          11.393        
1004          11.393        
1005          11.393        
1006          11.393        
1007          11.393        
1008          11.394        
1009          11.394        
1010          11.394        
1011          11.394        
1012          11.395        
1013          11.394        
1014          11.394        
1015          11.394        
1016          11.395        
1017          11.395        
1018          11.395        
1019          11.395        
1020          11.395        
1021          11.396        
1022          11.395        
1023          11.395        
1024          11.395        
1025          11.395        
1026          11.395        
1027          11.396        
1028          11.396        
1029          11.396        
1030          11.397        
1031          11.397        
1032          11.397        
1033          11.397        
1034          11.397        
1035          11.397        
1036          11.398        
1037          11.398        
1038          11.398        
1039          11.398        
1040          11.397        
1041          11.398        
1042          11.398        
1043          11.399        
1044          11.399        
1045          11.399        
1046          11.399        
1047          11.400        
1048          11.400        
1049          11.400        
1050          11.401        
1051          11.401        
1052          11.400        
1053          11.401        
1054          11.401        
1055          11.401        
1056          11.401        
1057          11.401        
1058          11.401        
1059          11.400        
1060          11.400        
1061          11.401        
1062          11.401        
1063          11.401        
1064          11.401        
1065          11.401        
1066          11.401        
1067          11.401        
1068          11.401        
1069          11.401        
1070          11.401        
1071          11.401        
1072          11.401        
1073          11.401        
1074          11.401        
1075          11.402        
1076          11.402        
1077          11.402        
1078          11.402        
1079          11.403        
1080          11.403        
1081          11.403        
1082          11.403        
1083          11.403        
1084          11.403        
1085          11.403        
1086          11.403        
1087          11.403        
1088          11.403        
1089          11.403        
1090          11.404        
1091          11.403        
1092          11.403        
1093          11.403        
1094          11.403        
1095          11.403        
1096          11.404        
1097          11.403        
1098          11.404        
1099          11.404        
1100          11.404        
1101          11.404        
1102          11.404        
1103          11.404        
1104          11.404        
1105          11.404        
1106          11.404        
1107          11.404        
1108          11.404        
1109          11.404        
1110          11.404        
1111          11.404        
1112          11.404        
1113          11.405        
1114          11.405        
1115          11.404        
1116          11.404        
1117          11.405        
1118          11.406        
1119          11.405        
1120          11.405        
1121          11.405        
1122          11.405        
1123          11.405        
1124          11.406        
1125          11.406        
1126          11.405        
1127          11.405        
1128          11.406        
1129          11.406        
1130          11.406        
1131          11.406        
1132          11.406        
1133          11.406        
1134          11.406        
1135          11.406        
1136          11.406        
1137          11.406        
1138          11.406        
1139          11.407        
1140          11.406        
1141          11.407        
1142          11.407        
1143          11.407        
1144          11.407        
1145          11.406        
1146          11.407        
1147          11.407        
1148          11.407        
1149          11.407        
1150          11.407        
1151          11.407        
1152          11.408        
1153          11.408        
1154          11.408        
1155          11.407        
1156          11.407        
1157          11.408        
1158          11.408        
1159          11.409        
1160          11.409        
1161          11.409        
1162          11.409        
1163          11.409        
1164          11.408        
1165          11.409        
1166          11.409        
1167          11.408        
1168          11.409        
1169          11.409        
1170          11.409        
1171          11.408        
1172          11.408        
1173          11.409        
1174          11.409        
1175          11.409        
1176          11.409        
1177          11.409        
1178          11.409        
1179          11.409        
1180          11.409        
1181          11.409        
1182          11.410        
1183          11.409        
1184          11.409        
1185          11.410        
1186          11.409        
1187          11.409        
1188          11.410        
1189          11.409        
1190          11.409        
1191          11.410        
1192          11.410        
1193          11.410        
1194          11.410        
1195          11.410        
1196          11.410        
1197          11.410        
1198          11.410        
1199          11.411        
1200          11.411        
1201          11.410        
1202          11.410        
1203          11.410        
1204          11.410        
1205          11.410        
1206          11.410        
1207          11.410        
1208          11.410        
1209          11.410        
1210          11.411        
1211          11.411        
1212          11.411        
1213          11.411        
1214          11.411        
1215          11.411        
1216          11.412        
1217          11.411        
1218          11.411        
1219          11.410        
1220          11.411        
1221          11.411        
1222          11.411        
1223          11.411        
1224          11.412        
1225          11.411        
1226          11.411        
1227          11.410        
1228          11.410        
1229          11.411        
1230          11.411        
1231          11.411        
1232          11.411        
1233          11.411        
1234          11.411        
1235          11.411        
1236          11.411        
1237          11.411        
1238          11.412        
1239          11.412        
1240          11.412        
1241          11.412        
1242          11.412        
1243          11.413        
1244          11.412        
1245          11.412        
1246          11.412        
1247          11.413        
1248          11.412        
1249          11.412        
1250          11.413        
1251          11.413        
1252          11.413        
1253          11.412        
1254          11.412        
1255          11.413        
1256          11.413        
1257          11.413        
1258          11.412        
1259          11.412        
1260          11.412        
1261          11.412        
1262          11.412        
1263          11.412        
1264          11.412        
1265          11.412        
1266          11.413        
1267          11.412        
1268          11.412        
1269          11.412        
1270          11.412        
1271          11.412        
1272          11.412        
1273          11.412        
1274          11.412        
1275          11.413        
1276          11.413        
1277          11.413        
1278          11.413        
1279          11.413        
1280          11.412        
1281          11.413        
1282          11.413        
1283          11.413        
1284          11.413        
1285          11.413        
1286          11.413        
1287          11.413        
1288          11.413        
1289          11.412        
1290          11.413        
1291          11.413        
1292          11.413        
1293          11.413        
1294          11.413        
1295          11.413        
1296          11.413        
1297          11.413        
1298          11.413        
1299          11.413        
1300          11.413        
1301          11.414        
1302          11.414        
1303          11.413        
1304          11.413        
1305          11.413        
1306          11.413        
1307          11.413        
1308          11.413        
1309          11.413        
1310          11.414        
1311          11.413        
1312          11.413        
1313          11.413        
1314          11.413        
1315          11.413        
1316          11.413        
1317          11.414        
1318          11.413        
1319          11.413        
1320          11.413        
1321          11.414        
1322          11.414        
1323          11.414        
1324          11.414        
1325          11.414        
1326          11.413        
1327          11.414        
1328          11.413        
1329          11.414        
1330          11.414        
1331          11.414        
1332          11.414        
1333          11.414        
1334          11.414        
1335          11.414        
1336          11.414        
1337          11.414        
1338          11.414        
1339          11.414        
1340          11.414        
1341          11.414        
1342          11.414        
1343          11.414        
1344          11.414        
1345          11.414        
1346          11.414        
1347          11.415        
1348          11.415        
1349          11.414        
1350          11.414        
1351          11.414        
1352          11.414        
1353          11.414        
1354          11.414        
1355          11.414        
1356          11.414        
1357          11.415        
1358          11.414        
1359          11.414        
1360          11.415        
1361          11.414        
1362          11.414        
1363          11.414        
1364          11.414        
1365          11.414        
1366          11.414        
1367          11.414        
1368          11.415        
1369          11.415        
1370          11.415        
1371          11.414        
1372          11.415        
1373          11.415        
1374          11.415        
1375          11.415        
1376          11.415        
1377          11.415        
1378          11.415        
1379          11.415        
1380          11.415        
1381          11.415        
1382          11.416        
1383          11.415        
1384          11.415        
1385          11.415        
1386          11.414        
1387          11.414        
1388          11.415        
1389          11.415        
1390          11.415        
1391          11.414        
1392          11.414        
1393          11.414        
1394          11.415        
1395          11.415        
1396          11.415        
1397          11.415        
1398          11.415        
1399          11.415        
1400          11.414        
1401          11.415        
1402          11.415        
1403          11.415        
1404          11.414        
1405          11.414        
1406          11.415        
1407          11.415        
1408          11.415        
1409          11.415        
1410          11.415        
1411          11.415        
1412          11.415        
1413          11.414        
1414          11.415        
1415          11.415        
1416          11.414        
1417          11.415        
1418          11.415        
1419          11.415        
1420          11.415        
1421          11.415        
1422          11.415        
1423          11.415        
1424          11.415        
1425          11.415        
1426          11.415        
1427          11.415        
1428          11.415        
1429          11.416        
1430          11.415        
1431          11.415        
1432          11.415        
1433          11.414        
1434          11.415        
1435          11.415        
1436          11.415        
1437          11.415        
1438          11.414        
1439          11.415        
1440          11.415        
1441          11.416        
1442          11.415        
1443          11.415        
1444          11.415        
1445          11.415        
1446          11.415        
1447          11.415        
1448          11.415        
1449          11.415        
1450          11.415        
1451          11.415        
1452          11.415        
1453          11.416        
1454          11.415        
1455          11.415        
1456          11.415        
1457          11.415        
1458          11.415        
1459          11.416        
1460          11.415        
1461          11.415        
1462          11.415        
1463          11.414        
1464          11.415        
1465          11.415        
1466          11.415        
1467          11.415        
1468          11.415        
1469          11.415        
1470          11.415        
1471          11.415        
1472          11.415        
1473          11.415        
1474          11.415        
1475          11.416        
1476          11.416        
1477          11.415        
1478          11.415        
1479          11.415        
1480          11.416        
1481          11.415        
1482          11.415        
1483          11.415        
1484          11.415        
1485          11.415        
1486          11.415        
1487          11.415        
1488          11.415        
1489          11.415        
1490          11.415        
1491          11.415        
1492          11.416        
1493          11.416        
1494          11.416        
1495          11.415        
1496          11.415        
1497          11.415        
1498          11.415        
1499          11.415        
1500          11.415        
1501          11.415        
1502          11.415        
1503          11.415        
1504          11.415        
1505          11.415        
1506          11.415        
1507          11.415        
1508          11.415        
1509          11.415        
1510          11.415        
1511          11.415        
1512          11.415        
1513          11.415        
1514          11.415        
1515          11.415        
1516          11.415        
1517          11.415        
1518          11.415        
1519          11.415        
1520          11.415        
1521          11.415        
1522          11.415        
1523          11.415        
1524          11.415        
1525          11.415        
1526          11.415        
1527          11.415        
1528          11.415        
1529          11.415        
1530          11.415        
1531          11.415        
1532          11.415        
1533          11.415        
1534          11.416        
1535          11.415        
1536          11.415        
1537          11.414        
1538          11.415        
1539          11.415        
1540          11.415        
1541          11.415        
1542          11.415        
1543          11.415        
1544          11.415        
1545          11.415        
1546          11.414        
1547          11.415        
1548          11.415        
1549          11.415        
1550          11.415        
1551          11.416        
1552          11.415        
1553          11.415        
1554          11.415        
1555          11.416        
1556          11.415        
1557          11.415        
1558          11.415        
1559          11.415        
1560          11.414        
1561          11.414        
1562          11.415        
1563          11.415        
1564          11.415        
1565          11.415        
1566          11.415        
1567          11.415        
1568          11.415        
1569          11.415        
1570          11.415        
1571          11.415        
1572          11.415        
1573          11.415        
1574          11.415        
1575          11.415        
1576          11.415        
1577          11.415        
1578          11.414        
1579          11.415        
1580          11.415        
1581          11.415        
1582          11.415        
1583          11.415        
1584          11.416        
1585          11.415        
1586          11.415        
1587          11.415        
1588          11.415        
1589          11.415        
1590          11.416        
1591          11.415        
1592          11.414        
1593          11.415        
1594          11.416        
1595          11.415        
1596          11.415        
1597          11.415        
1598          11.415        
1599          11.415        
1600          11.415        
1601          11.414        
1602          11.415        
1603          11.415        
1604          11.415        
1605          11.415        
1606          11.414        
1607          11.416        
1608          11.416        
1609          11.415        
1610          11.415        
1611          11.415        
1612          11.415        
1613          11.416        
1614          11.415        
1615          11.415        
1616          11.415        
1617          11.415        
1618          11.415        
1619          11.415        
1620          11.415        
1621          11.415        
1622          11.415        
1623          11.415        
1624          11.415        
1625          11.415        
1626          11.415        
1627          11.415        
1628          11.415        
1629          11.415        
1630          11.415        
1631          11.415        
1632          11.415        
1633          11.415        
1634          11.415        
1635          11.415        
1636          11.414        
1637          11.414        
1638          11.414        
1639          11.415        
1640          11.415        
1641          11.415        
1642          11.415        
1643          11.415        
1644          11.415        
1645          11.415        
1646          11.415        
1647          11.415        
1648          11.415        
1649          11.415        
1650          11.415        
1651          11.415        
1652          11.415        
1653          11.415        
1654          11.415        
1655          11.415        
1656          11.414        
1657          11.414        
1658          11.414        
1659          11.415        
1660          11.415        
1661          11.415        
1662          11.414        
1663          11.414        
1664          11.414        
1665          11.415        
1666          11.414        
1667          11.414        
1668          11.414        
1669          11.415        
1670          11.414        
1671          11.414        
1672          11.414        
1673          11.414        
1674          11.414        
1675          11.415        
1676          11.415        
1677          11.414        
1678          11.414        
1679          11.415        
1680          11.414        
1681          11.414        
1682          11.414        
1683          11.414        
1684          11.414        
1685          11.414        
1686          11.414        
1687          11.414        
1688          11.415        
1689          11.415        
1690          11.414        
1691          11.414        
1692          11.414        
1693          11.414        
1694          11.414        
1695          11.414        
1696          11.415        
1697          11.415        
1698          11.414        
1699          11.414        
1700          11.414        
1701          11.414        
1702          11.414        
1703          11.414        
1704          11.415        
1705          11.415        
1706          11.415        
1707          11.414        
1708          11.414        
1709          11.414        
1710          11.414        
1711          11.415        
1712          11.415        
1713          11.414        
1714          11.414        
1715          11.414        
1716          11.414        
1717          11.415        
1718          11.415        
1719          11.414        
1720          11.415        
1721          11.414        
1722          11.415        
1723          11.414        
1724          11.413        
1725          11.414        
1726          11.415        
1727          11.415        
1728          11.414        
1729          11.414        
1730          11.414        
1731          11.414        
1732          11.414        
1733          11.414        
1734          11.414        
1735          11.414        
1736          11.414        
1737          11.414        
1738          11.414        
1739          11.413        
1740          11.414        
1741          11.414        
1742          11.414        
1743          11.415        
1744          11.414        
1745          11.414        
1746          11.414        
1747          11.414        
1748          11.415        
1749          11.414        
1750          11.414        
1751          11.414        
1752          11.414        
1753          11.414        
1754          11.413        
1755          11.413        
1756          11.413        
1757          11.414        
1758          11.414        
1759          11.414        
1760          11.415        
1761          11.414        
1762          11.413        
1763          11.414        
1764          11.414        
1765          11.413        
1766          11.413        
1767          11.414        
1768          11.414        
1769          11.414        
1770          11.414        
1771          11.413        
1772          11.414        
1773          11.414        
1774          11.414        
1775          11.414        
1776          11.414        
1777          11.414        
1778          11.414        
1779          11.414        
1780          11.414        
1781          11.413        
