±½¼×Ëá  
12.000
10.000
1             9.555         
2             9.555         
3             9.555         
4             9.555         
5             9.555         
6             9.555         
7             9.555         
8             9.555         
9             9.555         
10            9.555         
11            9.555         
12            9.555         
13            9.556         
14            9.556         
15            9.556         
16            9.556         
17            9.556         
18            9.556         
19            9.556         
20            9.556         
21            9.557         
22            9.557         
23            9.557         
24            9.557         
25            9.558         
26            9.558         
27            9.557         
28            9.557         
29            9.557         
30            9.558         
31            9.558         
32            9.558         
33            9.558         
34            9.558         
35            9.558         
36            9.558         
37            9.559         
38            9.559         
39            9.559         
40            9.559         
41            9.559         
42            9.559         
43            9.559         
44            9.560         
45            9.560         
46            9.560         
47            9.560         
48            9.560         
49            9.560         
50            9.560         
51            9.560         
52            9.560         
53            9.561         
54            9.561         
55            9.560         
56            9.560         
57            9.561         
58            9.561         
59            9.561         
60            9.560         
61            9.561         
62            9.561         
63            9.561         
64            9.561         
65            9.562         
66            9.562         
67            9.562         
68            9.562         
69            9.562         
70            9.562         
71            9.562         
72            9.562         
73            9.562         
74            9.562         
75            9.562         
76            9.563         
77            9.563         
78            9.563         
79            9.563         
80            9.563         
81            9.563         
82            9.563         
83            9.563         
84            9.563         
85            9.563         
86            9.564         
87            9.564         
88            9.564         
89            9.564         
90            9.564         
91            9.564         
92            9.564         
93            9.564         
94            9.564         
95            9.564         
96            9.564         
97            9.564         
98            9.563         
99            9.564         
100           9.564         
101           9.564         
102           9.564         
103           9.564         
104           9.565         
105           9.565         
106           9.564         
107           9.565         
108           9.565         
109           9.564         
110           9.565         
111           9.565         
112           9.566         
113           9.566         
114           9.565         
115           9.565         
116           9.566         
117           9.566         
118           9.566         
119           9.566         
120           9.566         
121           9.566         
122           9.566         
123           9.566         
124           9.566         
125           9.566         
126           9.566         
127           9.566         
128           9.566         
129           9.566         
130           9.567         
131           9.567         
132           9.567         
133           9.567         
134           9.567         
135           9.567         
136           9.567         
137           9.567         
138           9.567         
139           9.567         
140           9.568         
141           9.567         
142           9.567         
143           9.567         
144           9.568         
145           9.568         
146           9.568         
147           9.568         
148           9.568         
149           9.568         
150           9.568         
151           9.568         
152           9.569         
153           9.569         
154           9.568         
155           9.569         
156           9.569         
157           9.569         
158           9.569         
159           9.569         
160           9.569         
161           9.569         
162           9.569         
163           9.569         
164           9.569         
165           9.569         
166           9.569         
167           9.569         
168           9.570         
169           9.569         
170           9.569         
171           9.569         
172           9.569         
173           9.569         
174           9.569         
175           9.570         
176           9.570         
177           9.570         
178           9.570         
179           9.571         
180           9.570         
181           9.570         
182           9.570         
183           9.570         
184           9.570         
185           9.570         
186           9.571         
187           9.570         
188           9.571         
189           9.571         
190           9.570         
191           9.570         
192           9.570         
193           9.570         
194           9.571         
195           9.571         
196           9.571         
197           9.571         
198           9.571         
199           9.571         
200           9.571         
201           9.571         
202           9.571         
203           9.572         
204           9.572         
205           9.571         
206           9.571         
207           9.572         
208           9.572         
209           9.572         
210           9.572         
211           9.571         
212           9.571         
213           9.571         
214           9.571         
215           9.571         
216           9.572         
217           9.572         
218           9.572         
219           9.572         
220           9.572         
221           9.572         
222           9.572         
223           9.572         
224           9.573         
225           9.573         
226           9.573         
227           9.573         
228           9.573         
229           9.573         
230           9.574         
231           9.573         
232           9.573         
233           9.573         
234           9.574         
235           9.574         
236           9.573         
237           9.573         
238           9.573         
239           9.574         
240           9.573         
241           9.573         
242           9.573         
243           9.574         
244           9.574         
245           9.573         
246           9.573         
247           9.574         
248           9.574         
249           9.574         
250           9.574         
251           9.574         
252           9.574         
253           9.574         
254           9.574         
255           9.574         
256           9.574         
257           9.574         
258           9.574         
259           9.575         
260           9.575         
261           9.574         
262           9.575         
263           9.575         
264           9.575         
265           9.575         
266           9.574         
267           9.574         
268           9.575         
269           9.575         
270           9.575         
271           9.575         
272           9.575         
273           9.575         
274           9.575         
275           9.575         
276           9.575         
277           9.575         
278           9.575         
279           9.575         
280           9.576         
281           9.576         
282           9.576         
283           9.575         
284           9.576         
285           9.576         
286           9.576         
287           9.575         
288           9.576         
289           9.576         
290           9.576         
291           9.576         
292           9.576         
293           9.576         
294           9.575         
295           9.576         
296           9.576         
297           9.576         
298           9.576         
299           9.576         
300           9.576         
301           9.576         
302           9.577         
303           9.576         
304           9.576         
305           9.577         
306           9.577         
307           9.577         
308           9.577         
309           9.577         
310           9.577         
311           9.577         
312           9.576         
313           9.577         
314           9.577         
315           9.576         
316           9.576         
317           9.577         
318           9.578         
319           9.577         
320           9.577         
321           9.577         
322           9.578         
323           9.578         
324           9.578         
325           9.577         
326           9.578         
327           9.578         
328           9.577         
329           9.577         
330           9.578         
331           9.578         
332           9.578         
333           9.578         
334           9.578         
335           9.578         
336           9.578         
337           9.578         
338           9.578         
339           9.578         
340           9.578         
341           9.578         
342           9.578         
343           9.578         
344           9.578         
345           9.578         
346           9.578         
347           9.578         
348           9.579         
349           9.578         
350           9.578         
351           9.578         
352           9.579         
353           9.579         
354           9.578         
355           9.579         
356           9.578         
357           9.579         
358           9.579         
359           9.579         
360           9.579         
361           9.579         
362           9.579         
363           9.579         
364           9.579         
365           9.579         
366           9.579         
367           9.579         
368           9.579         
369           9.580         
370           9.579         
371           9.579         
372           9.579         
373           9.580         
374           9.580         
375           9.579         
376           9.579         
377           9.580         
378           9.580         
379           9.580         
380           9.580         
381           9.581         
382           9.581         
383           9.583         
384           9.583         
385           9.584         
386           9.585         
387           9.585         
388           9.586         
389           9.586         
390           9.589         
391           9.596         
392           9.601         
393           9.613         
394           9.619         
395           9.625         
396           9.637         
397           9.644         
398           9.655         
399           9.677         
400           9.685         
401           9.697         
402           9.703         
403           9.709         
404           9.727         
405           9.738         
406           9.765         
407           9.779         
408           9.791         
409           9.806         
410           9.812         
411           9.817         
412           9.825         
413           9.830         
414           9.846         
415           9.854         
416           9.862         
417           9.876         
418           9.883         
419           9.915         
420           9.956         
421           10.005        
422           10.090        
423           10.114        
424           10.128        
425           10.134        
426           10.132        
427           10.134        
428           10.139        
429           10.144        
430           10.153        
431           10.158        
432           10.164        
433           10.165        
434           10.165        
435           10.163        
436           10.162        
437           10.160        
438           10.162        
439           10.166        
440           10.170        
441           10.172        
442           10.174        
443           10.180        
444           10.183        
445           10.194        
446           10.199        
447           10.207        
448           10.224        
449           10.232        
450           10.240        
451           10.273        
452           10.298        
453           10.344        
454           10.359        
455           10.368        
456           10.376        
457           10.380        
458           10.389        
459           10.393        
460           10.397        
461           10.403        
462           10.403        
463           10.401        
464           10.396        
465           10.395        
466           10.400        
467           10.408        
468           10.414        
469           10.420        
470           10.420        
471           10.420        
472           10.419        
473           10.418        
474           10.419        
475           10.423        
476           10.429        
477           10.440        
478           10.442        
479           10.442        
480           10.442        
481           10.442        
482           10.449        
483           10.453        
484           10.458        
485           10.459        
486           10.461        
487           10.464        
488           10.466        
489           10.469        
490           10.474        
491           10.477        
492           10.483        
493           10.485        
494           10.488        
495           10.492        
496           10.494        
497           10.498        
498           10.501        
499           10.504        
500           10.511        
501           10.513        
502           10.515        
503           10.521        
504           10.524        
505           10.527        
506           10.528        
507           10.530        
508           10.540        
509           10.548        
510           10.564        
511           10.569        
512           10.576        
513           10.584        
514           10.586        
515           10.588        
516           10.590        
517           10.590        
518           10.592        
519           10.593        
520           10.595        
521           10.599        
522           10.601        
523           10.605        
524           10.607        
525           10.610        
526           10.616        
527           10.620        
528           10.626        
529           10.638        
530           10.645        
531           10.655        
532           10.657        
533           10.659        
534           10.661        
535           10.662        
536           10.662        
537           10.663        
538           10.663        
539           10.664        
540           10.665        
541           10.665        
542           10.667        
543           10.668        
544           10.674        
545           10.677        
546           10.680        
547           10.685        
548           10.686        
549           10.688        
550           10.692        
551           10.695        
552           10.698        
553           10.699        
554           10.700        
555           10.702        
556           10.702        
557           10.703        
558           10.704        
559           10.707        
560           10.713        
561           10.715        
562           10.716        
563           10.719        
564           10.719        
565           10.720        
566           10.720        
567           10.720        
568           10.721        
569           10.721        
570           10.722        
571           10.723        
572           10.725        
573           10.727        
574           10.729        
575           10.732        
576           10.737        
577           10.739        
578           10.743        
579           10.745        
580           10.747        
581           10.751        
582           10.753        
583           10.755        
584           10.757        
585           10.759        
586           10.766        
587           10.769        
588           10.773        
589           10.777        
590           10.779        
591           10.782        
592           10.784        
593           10.785        
594           10.787        
595           10.789        
596           10.795        
597           10.797        
598           10.799        
599           10.802        
600           10.804        
601           10.805        
602           10.808        
603           10.810        
604           10.811        
605           10.810        
606           10.810        
607           10.809        
608           10.808        
609           10.808        
610           10.808        
611           10.808        
612           10.808        
613           10.809        
614           10.812        
615           10.824        
616           10.833        
617           10.850        
618           10.853        
619           10.856        
620           10.855        
621           10.854        
622           10.852        
623           10.852        
624           10.853        
625           10.855        
626           10.855        
627           10.854        
628           10.853        
629           10.852        
630           10.851        
631           10.850        
632           10.850        
633           10.850        
634           10.850        
635           10.851        
636           10.851        
637           10.850        
638           10.850        
639           10.850        
640           10.851        
641           10.856        
642           10.860        
643           10.866        
644           10.868        
645           10.869        
646           10.870        
647           10.871        
648           10.872        
649           10.872        
650           10.873        
651           10.879        
652           10.881        
653           10.884        
654           10.885        
655           10.884        
656           10.885        
657           10.884        
658           10.884        
659           10.881        
660           10.881        
661           10.879        
662           10.879        
663           10.878        
664           10.878        
665           10.877        
666           10.878        
667           10.880        
668           10.880        
669           10.879        
670           10.880        
671           10.880        
672           10.881        
673           10.882        
674           10.882        
675           10.883        
676           10.884        
677           10.888        
678           10.888        
679           10.889        
680           10.892        
681           10.893        
682           10.895        
683           10.895        
684           10.896        
685           10.895        
686           10.895        
687           10.896        
688           10.897        
689           10.897        
690           10.898        
691           10.898        
692           10.899        
693           10.900        
694           10.900        
695           10.901        
696           10.902        
697           10.902        
698           10.903        
699           10.903        
700           10.904        
701           10.905        
702           10.906        
703           10.906        
704           10.907        
705           10.909        
706           10.910        
707           10.910        
708           10.912        
709           10.912        
710           10.912        
711           10.914        
712           10.914        
713           10.915        
714           10.916        
715           10.917        
716           10.918        
717           10.919        
718           10.920        
719           10.923        
720           10.925        
721           10.930        
722           10.931        
723           10.932        
724           10.932        
725           10.932        
726           10.931        
727           10.931        
728           10.931        
729           10.931        
730           10.930        
731           10.930        
732           10.930        
733           10.930        
734           10.931        
735           10.931        
736           10.931        
737           10.932        
738           10.932        
739           10.933        
740           10.933        
741           10.934        
742           10.935        
743           10.935        
744           10.936        
745           10.937        
746           10.938        
747           10.939        
748           10.940        
749           10.939        
750           10.940        
751           10.941        
752           10.942        
753           10.942        
754           10.942        
755           10.942        
756           10.943        
757           10.943        
758           10.944        
759           10.945        
760           10.945        
761           10.945        
762           10.946        
763           10.947        
764           10.947        
765           10.948        
766           10.950        
767           10.950        
768           10.951        
769           10.951        
770           10.951        
771           10.952        
772           10.952        
773           10.953        
774           10.953        
775           10.954        
776           10.954        
777           10.954        
778           10.955        
779           10.955        
780           10.955        
781           10.955        
782           10.955        
783           10.956        
784           10.957        
785           10.957        
786           10.958        
787           10.958        
788           10.959        
789           10.959        
790           10.959        
791           10.960        
792           10.961        
793           10.962        
794           10.962        
795           10.963        
796           10.963        
797           10.963        
798           10.964        
799           10.964        
800           10.964        
801           10.964        
802           10.964        
803           10.965        
804           10.965        
805           10.965        
806           10.966        
807           10.967        
808           10.967        
809           10.967        
810           10.968        
811           10.968        
812           10.968        
813           10.969        
814           10.969        
815           10.971        
816           10.971        
817           10.971        
818           10.971        
819           10.972        
820           10.973        
821           10.973        
822           10.974        
823           10.974        
824           10.974        
825           10.975        
826           10.975        
827           10.975        
828           10.975        
829           10.976        
830           10.975        
831           10.977        
832           10.977        
833           10.978        
834           10.979        
835           10.979        
836           10.979        
837           10.979        
838           10.979        
839           10.980        
840           10.980        
841           10.981        
842           10.981        
843           10.981        
844           10.981        
845           10.981        
846           10.981        
847           10.982        
848           10.982        
849           10.982        
850           10.982        
851           10.983        
852           10.983        
853           10.983        
854           10.984        
855           10.985        
856           10.985        
857           10.986        
858           10.986        
859           10.988        
860           10.988        
861           10.988        
862           10.988        
863           10.989        
864           10.989        
865           10.989        
866           10.989        
867           10.989        
868           10.989        
869           10.988        
870           10.989        
871           10.989        
872           10.989        
873           10.989        
874           10.989        
875           10.989        
876           10.989        
877           10.990        
878           10.991        
879           10.991        
880           10.991        
881           10.990        
882           10.991        
883           10.991        
884           10.992        
885           10.992        
886           10.993        
887           10.993        
888           10.994        
889           10.994        
890           10.993        
891           10.993        
892           10.993        
893           10.994        
894           10.994        
895           10.994        
896           10.994        
897           10.994        
898           10.995        
899           10.995        
900           10.995        
901           10.995        
902           10.995        
903           10.996        
904           10.996        
905           10.996        
906           10.997        
907           10.997        
908           10.997        
909           10.997        
910           10.997        
911           10.998        
912           10.999        
913           10.998        
914           10.999        
915           10.999        
916           10.999        
917           11.000        
918           11.000        
919           11.000        
920           11.000        
921           11.000        
922           11.000        
923           11.001        
924           11.001        
925           11.001        
926           11.002        
927           11.002        
928           11.002        
929           11.002        
930           11.002        
931           11.002        
932           11.003        
933           11.003        
934           11.003        
935           11.003        
936           11.003        
937           11.003        
938           11.004        
939           11.004        
940           11.004        
941           11.004        
942           11.005        
943           11.005        
944           11.005        
945           11.005        
946           11.005        
947           11.005        
948           11.005        
949           11.006        
950           11.006        
951           11.007        
952           11.006        
953           11.006        
954           11.006        
955           11.007        
956           11.007        
957           11.007        
958           11.008        
959           11.008        
960           11.008        
961           11.008        
962           11.009        
963           11.009        
964           11.010        
965           11.011        
966           11.010        
967           11.010        
968           11.010        
969           11.011        
970           11.010        
971           11.010        
972           11.010        
973           11.010        
974           11.011        
975           11.010        
976           11.010        
977           11.011        
978           11.011        
979           11.010        
980           11.011        
981           11.011        
982           11.012        
983           11.012        
984           11.012        
985           11.012        
986           11.012        
987           11.012        
988           11.012        
989           11.012        
990           11.013        
991           11.013        
992           11.012        
993           11.012        
994           11.013        
995           11.013        
996           11.013        
997           11.014        
998           11.014        
999           11.014        
1000          11.013        
1001          11.014        
1002          11.014        
1003          11.014        
1004          11.014        
1005          11.014        
1006          11.015        
1007          11.015        
1008          11.015        
1009          11.016        
1010          11.015        
1011          11.015        
1012          11.016        
1013          11.016        
1014          11.016        
1015          11.016        
1016          11.016        
1017          11.016        
1018          11.016        
1019          11.017        
1020          11.017        
1021          11.017        
1022          11.016        
1023          11.017        
1024          11.017        
1025          11.017        
1026          11.018        
1027          11.018        
1028          11.018        
1029          11.018        
1030          11.018        
1031          11.019        
1032          11.019        
1033          11.019        
1034          11.019        
1035          11.019        
1036          11.019        
1037          11.019        
1038          11.019        
1039          11.020        
1040          11.020        
1041          11.019        
1042          11.020        
1043          11.020        
1044          11.020        
1045          11.020        
1046          11.020        
1047          11.020        
1048          11.020        
1049          11.020        
1050          11.021        
1051          11.021        
1052          11.021        
1053          11.021        
1054          11.021        
1055          11.021        
1056          11.022        
1057          11.021        
1058          11.021        
1059          11.021        
1060          11.022        
1061          11.022        
1062          11.022        
1063          11.022        
1064          11.022        
1065          11.022        
1066          11.022        
1067          11.023        
1068          11.023        
1069          11.023        
1070          11.023        
1071          11.023        
1072          11.023        
1073          11.023        
1074          11.023        
1075          11.024        
1076          11.024        
1077          11.023        
1078          11.023        
1079          11.023        
1080          11.023        
1081          11.024        
1082          11.024        
1083          11.024        
1084          11.024        
1085          11.024        
1086          11.024        
1087          11.024        
1088          11.024        
1089          11.024        
1090          11.024        
1091          11.024        
1092          11.025        
1093          11.025        
1094          11.026        
1095          11.026        
1096          11.025        
1097          11.025        
1098          11.025        
1099          11.026        
1100          11.026        
1101          11.026        
1102          11.026        
1103          11.026        
1104          11.026        
1105          11.026        
1106          11.027        
1107          11.027        
1108          11.027        
1109          11.026        
1110          11.027        
1111          11.027        
1112          11.027        
1113          11.027        
1114          11.027        
1115          11.027        
1116          11.028        
1117          11.027        
1118          11.028        
1119          11.028        
1120          11.027        
1121          11.027        
1122          11.027        
1123          11.028        
1124          11.028        
1125          11.028        
1126          11.028        
1127          11.028        
1128          11.028        
1129          11.028        
1130          11.028        
1131          11.028        
1132          11.028        
1133          11.029        
1134          11.029        
1135          11.029        
1136          11.029        
1137          11.029        
1138          11.028        
1139          11.029        
1140          11.029        
1141          11.029        
1142          11.029        
1143          11.028        
1144          11.029        
1145          11.030        
1146          11.029        
1147          11.030        
1148          11.029        
1149          11.029        
1150          11.030        
1151          11.030        
1152          11.030        
1153          11.030        
1154          11.031        
1155          11.030        
1156          11.030        
1157          11.030        
1158          11.030        
1159          11.031        
1160          11.031        
1161          11.030        
1162          11.030        
1163          11.031        
1164          11.031        
1165          11.031        
1166          11.030        
1167          11.030        
1168          11.030        
1169          11.032        
1170          11.032        
1171          11.031        
1172          11.031        
1173          11.032        
1174          11.031        
1175          11.031        
1176          11.032        
1177          11.032        
1178          11.032        
1179          11.032        
1180          11.031        
1181          11.031        
1182          11.032        
1183          11.031        
1184          11.032        
1185          11.033        
1186          11.033        
1187          11.032        
1188          11.032        
1189          11.032        
1190          11.033        
1191          11.032        
1192          11.032        
1193          11.033        
1194          11.032        
1195          11.033        
1196          11.033        
1197          11.033        
1198          11.032        
1199          11.033        
1200          11.033        
1201          11.033        
1202          11.033        
1203          11.033        
1204          11.033        
1205          11.033        
1206          11.034        
1207          11.033        
1208          11.033        
1209          11.033        
1210          11.033        
1211          11.034        
1212          11.034        
1213          11.034        
1214          11.033        
1215          11.033        
1216          11.034        
1217          11.033        
1218          11.033        
1219          11.033        
1220          11.034        
1221          11.034        
1222          11.034        
1223          11.034        
1224          11.034        
1225          11.034        
1226          11.034        
1227          11.034        
1228          11.034        
1229          11.034        
1230          11.034        
1231          11.035        
1232          11.035        
1233          11.035        
1234          11.034        
1235          11.035        
1236          11.034        
1237          11.034        
1238          11.034        
1239          11.035        
1240          11.035        
1241          11.034        
1242          11.035        
1243          11.035        
1244          11.035        
1245          11.035        
1246          11.035        
1247          11.035        
1248          11.035        
1249          11.035        
1250          11.035        
1251          11.035        
1252          11.035        
1253          11.035        
1254          11.035        
1255          11.034        
1256          11.035        
1257          11.036        
1258          11.035        
1259          11.035        
1260          11.036        
1261          11.035        
1262          11.035        
1263          11.035        
1264          11.035        
1265          11.036        
1266          11.036        
1267          11.035        
1268          11.035        
1269          11.036        
1270          11.036        
1271          11.036        
1272          11.036        
1273          11.036        
1274          11.036        
1275          11.036        
1276          11.037        
1277          11.037        
1278          11.036        
1279          11.036        
1280          11.036        
1281          11.036        
1282          11.035        
1283          11.035        
1284          11.037        
1285          11.037        
1286          11.036        
1287          11.036        
1288          11.036        
1289          11.036        
1290          11.036        
1291          11.036        
1292          11.036        
1293          11.036        
1294          11.037        
1295          11.037        
1296          11.037        
1297          11.037        
1298          11.037        
1299          11.037        
1300          11.037        
1301          11.037        
1302          11.037        
1303          11.037        
1304          11.037        
1305          11.037        
1306          11.037        
1307          11.037        
1308          11.037        
1309          11.037        
1310          11.037        
1311          11.037        
1312          11.036        
1313          11.037        
1314          11.037        
1315          11.037        
1316          11.037        
1317          11.037        
1318          11.037        
1319          11.037        
1320          11.037        
1321          11.037        
1322          11.036        
1323          11.037        
1324          11.037        
1325          11.037        
1326          11.038        
1327          11.038        
1328          11.038        
1329          11.038        
1330          11.038        
1331          11.037        
1332          11.037        
1333          11.038        
1334          11.038        
1335          11.038        
1336          11.038        
1337          11.038        
1338          11.038        
1339          11.038        
1340          11.038        
1341          11.038        
1342          11.038        
1343          11.038        
1344          11.038        
1345          11.038        
1346          11.038        
1347          11.038        
1348          11.038        
1349          11.039        
1350          11.039        
1351          11.039        
1352          11.039        
1353          11.039        
1354          11.038        
1355          11.038        
1356          11.038        
1357          11.038        
1358          11.038        
1359          11.038        
1360          11.038        
1361          11.038        
1362          11.038        
1363          11.039        
1364          11.039        
1365          11.038        
1366          11.039        
1367          11.039        
1368          11.039        
1369          11.040        
1370          11.039        
1371          11.039        
1372          11.039        
1373          11.039        
1374          11.039        
1375          11.039        
1376          11.039        
1377          11.039        
1378          11.039        
1379          11.039        
1380          11.039        
1381          11.039        
1382          11.039        
1383          11.039        
1384          11.039        
1385          11.040        
1386          11.040        
1387          11.039        
1388          11.039        
1389          11.039        
1390          11.039        
1391          11.039        
1392          11.039        
1393          11.039        
1394          11.039        
1395          11.040        
1396          11.039        
1397          11.039        
1398          11.040        
1399          11.040        
1400          11.040        
1401          11.039        
1402          11.039        
1403          11.039        
1404          11.040        
1405          11.040        
1406          11.039        
1407          11.039        
1408          11.039        
1409          11.039        
1410          11.039        
1411          11.039        
1412          11.040        
1413          11.039        
1414          11.039        
1415          11.039        
1416          11.040        
1417          11.039        
1418          11.040        
1419          11.040        
1420          11.040        
1421          11.040        
1422          11.040        
1423          11.040        
1424          11.040        
1425          11.040        
1426          11.040        
1427          11.039        
1428          11.040        
1429          11.040        
1430          11.040        
1431          11.040        
1432          11.040        
1433          11.040        
1434          11.040        
1435          11.040        
1436          11.040        
1437          11.040        
1438          11.041        
1439          11.041        
1440          11.040        
1441          11.040        
1442          11.039        
1443          11.039        
1444          11.039        
1445          11.041        
1446          11.040        
1447          11.040        
1448          11.040        
1449          11.040        
1450          11.040        
1451          11.040        
1452          11.040        
1453          11.040        
1454          11.040        
1455          11.041        
1456          11.041        
1457          11.041        
1458          11.041        
1459          11.040        
1460          11.041        
1461          11.040        
1462          11.041        
1463          11.041        
1464          11.041        
1465          11.041        
1466          11.041        
1467          11.041        
1468          11.040        
1469          11.040        
1470          11.041        
1471          11.040        
1472          11.041        
1473          11.041        
1474          11.040        
1475          11.040        
1476          11.041        
1477          11.041        
1478          11.041        
1479          11.040        
1480          11.041        
1481          11.041        
1482          11.041        
1483          11.041        
1484          11.041        
1485          11.041        
1486          11.041        
1487          11.041        
1488          11.041        
1489          11.040        
1490          11.041        
1491          11.041        
1492          11.041        
1493          11.041        
1494          11.041        
1495          11.041        
1496          11.041        
1497          11.040        
1498          11.041        
1499          11.041        
1500          11.041        
1501          11.041        
1502          11.041        
1503          11.041        
1504          11.041        
1505          11.040        
1506          11.041        
1507          11.041        
1508          11.041        
1509          11.041        
1510          11.041        
1511          11.041        
1512          11.041        
1513          11.041        
1514          11.041        
1515          11.042        
1516          11.041        
1517          11.041        
1518          11.041        
1519          11.041        
1520          11.041        
1521          11.041        
1522          11.040        
1523          11.041        
1524          11.041        
1525          11.041        
1526          11.041        
1527          11.041        
1528          11.041        
1529          11.041        
1530          11.041        
1531          11.041        
1532          11.041        
1533          11.041        
1534          11.041        
1535          11.041        
1536          11.041        
1537          11.042        
1538          11.042        
1539          11.041        
1540          11.041        
1541          11.041        
1542          11.041        
1543          11.041        
1544          11.041        
1545          11.042        
1546          11.041        
1547          11.041        
1548          11.041        
1549          11.041        
1550          11.041        
1551          11.041        
1552          11.042        
1553          11.042        
1554          11.041        
1555          11.041        
1556          11.041        
1557          11.041        
1558          11.041        
1559          11.041        
1560          11.041        
1561          11.042        
1562          11.042        
1563          11.041        
1564          11.041        
1565          11.042        
1566          11.042        
1567          11.041        
1568          11.041        
1569          11.041        
1570          11.041        
1571          11.042        
1572          11.042        
1573          11.042        
1574          11.041        
1575          11.042        
1576          11.043        
1577          11.042        
1578          11.042        
1579          11.041        
1580          11.041        
1581          11.042        
1582          11.042        
1583          11.041        
1584          11.042        
1585          11.042        
1586          11.042        
1587          11.042        
1588          11.042        
1589          11.042        
1590          11.043        
1591          11.042        
1592          11.042        
1593          11.041        
1594          11.041        
1595          11.042        
1596          11.042        
1597          11.042        
1598          11.042        
1599          11.042        
1600          11.042        
1601          11.042        
1602          11.041        
1603          11.042        
1604          11.042        
1605          11.042        
1606          11.042        
1607          11.042        
1608          11.042        
1609          11.042        
1610          11.042        
1611          11.042        
1612          11.041        
1613          11.042        
1614          11.042        
1615          11.042        
1616          11.041        
1617          11.042        
1618          11.042        
1619          11.043        
1620          11.043        
1621          11.042        
1622          11.043        
1623          11.043        
1624          11.042        
1625          11.042        
1626          11.042        
1627          11.042        
1628          11.042        
1629          11.042        
1630          11.042        
1631          11.042        
1632          11.043        
1633          11.042        
1634          11.042        
1635          11.042        
1636          11.042        
1637          11.042        
1638          11.043        
1639          11.043        
1640          11.043        
1641          11.043        
1642          11.043        
1643          11.042        
1644          11.042        
1645          11.042        
1646          11.042        
1647          11.042        
1648          11.042        
1649          11.042        
1650          11.042        
1651          11.042        
1652          11.042        
1653          11.042        
1654          11.042        
1655          11.042        
1656          11.042        
1657          11.042        
1658          11.042        
1659          11.042        
1660          11.042        
1661          11.042        
1662          11.042        
1663          11.042        
1664          11.042        
1665          11.043        
1666          11.043        
1667          11.043        
1668          11.042        
1669          11.042        
1670          11.042        
1671          11.043        
1672          11.042        
1673          11.042        
1674          11.043        
1675          11.042        
1676          11.042        
1677          11.043        
1678          11.042        
1679          11.042        
1680          11.042        
1681          11.042        
1682          11.043        
1683          11.043        
1684          11.042        
1685          11.043        
1686          11.043        
1687          11.042        
1688          11.042        
1689          11.042        
1690          11.042        
1691          11.042        
1692          11.042        
1693          11.042        
1694          11.043        
1695          11.042        
1696          11.042        
1697          11.042        
1698          11.042        
1699          11.042        
1700          11.041        
1701          11.043        
1702          11.043        
1703          11.042        
1704          11.042        
1705          11.042        
1706          11.042        
1707          11.042        
1708          11.044        
1709          11.043        
1710          11.043        
1711          11.043        
1712          11.042        
1713          11.043        
1714          11.043        
1715          11.043        
1716          11.043        
1717          11.043        
1718          11.043        
1719          11.042        
1720          11.042        
1721          11.042        
1722          11.042        
1723          11.043        
1724          11.042        
1725          11.042        
1726          11.042        
1727          11.042        
1728          11.041        
1729          11.041        
1730          11.041        
1731          11.042        
1732          11.042        
1733          11.042        
1734          11.042        
1735          11.042        
1736          11.042        
1737          11.042        
1738          11.041        
1739          11.043        
1740          11.043        
1741          11.043        
1742          11.043        
1743          11.043        
1744          11.043        
1745          11.042        
1746          11.042        
1747          11.042        
1748          11.042        
1749          11.043        
1750          11.043        
1751          11.043        
1752          11.043        
1753          11.042        
1754          11.042        
1755          11.043        
1756          11.043        
1757          11.042        
1758          11.042        
1759          11.042        
1760          11.042        
1761          11.043        
1762          11.043        
1763          11.043        
1764          11.043        
1765          11.043        
1766          11.043        
1767          11.043        
1768          11.043        
1769          11.043        
1770          11.043        
1771          11.043        
1772          11.043        
1773          11.043        
1774          11.042        
1775          11.042        
1776          11.042        
1777          11.043        
1778          11.043        
1779          11.043        
1780          11.043        
1781          11.042        
1782          11.043        
1783          11.043        
1784          11.043        
1785          11.043        
1786          11.042        
1787          11.043        
1788          11.042        
1789          11.043        
1790          11.043        
1791          11.043        
1792          11.043        
1793          11.043        
1794          11.042        
1795          11.042        
1796          11.043        
1797          11.043        
1798          11.043        
1799          11.043        
1800          11.043        
1801          11.043        
