1500 11.041
1501 11.041
1502 11.041
1503 11.041
1504 11.041
1505 11.040
1506 11.041
1507 11.041
1508 11.041
1509 11.041
1510 11.041
1511 11.041
1512 11.041
1513 11.041
1514 11.041
1515 11.042
1516 11.041
1517 11.041
1518 11.041
1519 11.041
1520 11.041
1521 11.041
1522 11.040
1523 11.041
1524 11.041
1525 11.041
1526 11.041
1527 11.041
1528 11.041
1529 11.041
1530 11.041
1531 11.041
1532 11.041
1533 11.041
1534 11.041
1535 11.041
1536 11.041
1537 11.042
1538 11.042
1539 11.041
1540 11.041
1541 11.041
1542 11.041
1543 11.041
1544 11.041
1545 11.042
1546 11.041
1547 11.041
1548 11.041
1549 11.041
1550 11.041
1551 11.041
1552 11.042
1553 11.042
1554 11.041
1555 11.041
1556 11.041
1557 11.041
1558 11.041
1559 11.041
1560 11.041
1561 11.042
1562 11.042
1563 11.041
1564 11.041
1565 11.042
1566 11.042
1567 11.041
1568 11.041
1569 11.041
1570 11.041
1571 11.042
1572 11.042
1573 11.042
1574 11.041
1575 11.042
1576 11.043
1577 11.042
1578 11.042
1579 11.041
1580 11.041
1581 11.042
1582 11.042
1583 11.041
1584 11.042
1585 11.042
1586 11.042
1587 11.042
1588 11.042
1589 11.042
1590 11.043
1591 11.042
1592 11.042
1593 11.041
1594 11.041
1595 11.042
1596 11.042
1597 11.042
1598 11.042
1599 11.042
1600 11.042
1601 11.042
1602 11.041
1603 11.042
1604 11.042
1605 11.042
1606 11.042
1607 11.042
1608 11.042
1609 11.042
1610 11.042
1611 11.042
1612 11.041
1613 11.042
1614 11.042
1615 11.042
1616 11.041
1617 11.042
1618 11.042
1619 11.043
1620 11.043
1621 11.042
1622 11.043
1623 11.043
1624 11.042
1625 11.042
1626 11.042
1627 11.042
1628 11.042
1629 11.042
1630 11.042
1631 11.042
1632 11.043
1633 11.042
1634 11.042
1635 11.042
1636 11.042
1637 11.042
1638 11.043
1639 11.043
1640 11.043
1641 11.043
1642 11.043
1643 11.042
1644 11.042
1645 11.042
1646 11.042
1647 11.042
1648 11.042
1649 11.042
1650 11.042
1651 11.042
1652 11.042
1653 11.042
1654 11.042
1655 11.042
1656 11.042
1657 11.042
1658 11.042
1659 11.042
1660 11.042
1661 11.042
1662 11.042
1663 11.042
1664 11.042
1665 11.043
1666 11.043
1667 11.043
1668 11.042
1669 11.042
1670 11.042
1671 11.043
1672 11.042
1673 11.042
1674 11.043
1675 11.042
1676 11.042
1677 11.043
1678 11.042
1679 11.042
1680 11.042
1681 11.042
1682 11.043
1683 11.043
1684 11.042
1685 11.043
1686 11.043
1687 11.042
1688 11.042
1689 11.042
1690 11.042
1691 11.042
1692 11.042
1693 11.042
1694 11.043
1695 11.042
1696 11.042
1697 11.042
1698 11.042
1699 11.042
1700 11.041
1701 11.043
1702 11.043
1703 11.042
1704 11.042
1705 11.042
1706 11.042
1707 11.042
1708 11.044
1709 11.043
1710 11.043
1711 11.043
1712 11.042
1713 11.043
1714 11.043
1715 11.043
1716 11.043
1717 11.043
1718 11.043
1719 11.042
1720 11.042
1721 11.042
1722 11.042
1723 11.043
1724 11.042
1725 11.042
1726 11.042
1727 11.042
1728 11.041
1729 11.041
1730 11.041
1731 11.042
1732 11.042
1733 11.042
1734 11.042
1735 11.042
1736 11.042
1737 11.042
1738 11.041
1739 11.043
1740 11.043
1741 11.043
1742 11.043
1743 11.043
1744 11.043
1745 11.042
1746 11.042
1747 11.042
1748 11.042
1749 11.043
1750 11.043
1751 11.043
1752 11.043
1753 11.042
1754 11.042
1755 11.043
1756 11.043
1757 11.042
1758 11.042
1759 11.042
1760 11.042
1761 11.043
1762 11.043
1763 11.043
1764 11.043
1765 11.043
1766 11.043
1767 11.043
1768 11.043
1769 11.043
1770 11.043
1771 11.043
1772 11.043
1773 11.043
1774 11.042
1775 11.042
1776 11.042
1777 11.043
1778 11.043
1779 11.043
1780 11.043
1781 11.042
1782 11.043
1783 11.043
1784 11.043
1785 11.043
1786 11.042
1787 11.043
1788 11.042
1789 11.043
1790 11.043
1791 11.043
1792 11.043
1793 11.043
1794 11.042
1795 11.042
1796 11.043
1797 11.043
1798 11.043
1799 11.043
1800 11.043
1801 11.043
