1 9.555
2 9.555
3 9.555
4 9.555
5 9.555
6 9.555
7 9.555
8 9.555
9 9.555
10 9.555
11 9.555
12 9.555
13 9.556
14 9.556
15 9.556
16 9.556
17 9.556
18 9.556
19 9.556
20 9.556
21 9.557
22 9.557
23 9.557
24 9.557
25 9.558
26 9.558
27 9.557
28 9.557
29 9.557
30 9.558
31 9.558
32 9.558
33 9.558
34 9.558
35 9.558
36 9.558
37 9.559
38 9.559
39 9.559
40 9.559
41 9.559
42 9.559
43 9.559
44 9.560
45 9.560
46 9.560
47 9.560
48 9.560
49 9.560
50 9.560
51 9.560
52 9.560
53 9.561
54 9.561
55 9.560
56 9.560
57 9.561
58 9.561
59 9.561
60 9.560
61 9.561
62 9.561
63 9.561
64 9.561
65 9.562
66 9.562
67 9.562
68 9.562
69 9.562
70 9.562
71 9.562
72 9.562
73 9.562
74 9.562
75 9.562
76 9.563
77 9.563
78 9.563
79 9.563
80 9.563
81 9.563
82 9.563
83 9.563
84 9.563
85 9.563
86 9.564
87 9.564
88 9.564
89 9.564
90 9.564
91 9.564
92 9.564
93 9.564
94 9.564
95 9.564
96 9.564
97 9.564
98 9.563
99 9.564
100 9.564
101 9.564
102 9.564
103 9.564
104 9.565
105 9.565
106 9.564
107 9.565
108 9.565
109 9.564
110 9.565
111 9.565
112 9.566
113 9.566
114 9.565
115 9.565
116 9.566
117 9.566
118 9.566
119 9.566
120 9.566
121 9.566
122 9.566
123 9.566
124 9.566
125 9.566
126 9.566
127 9.566
128 9.566
129 9.566
130 9.567
131 9.567
132 9.567
133 9.567
134 9.567
135 9.567
136 9.567
137 9.567
138 9.567
139 9.567
140 9.568
141 9.567
142 9.567
143 9.567
144 9.568
145 9.568
146 9.568
147 9.568
148 9.568
149 9.568
150 9.568
151 9.568
152 9.569
153 9.569
154 9.568
155 9.569
156 9.569
157 9.569
158 9.569
159 9.569
160 9.569
161 9.569
162 9.569
163 9.569
164 9.569
165 9.569
166 9.569
167 9.569
168 9.570
169 9.569
170 9.569
171 9.569
172 9.569
173 9.569
174 9.569
175 9.570
176 9.570
177 9.570
178 9.570
179 9.571
180 9.570
181 9.570
182 9.570
183 9.570
184 9.570
185 9.570
186 9.571
187 9.570
188 9.571
189 9.571
190 9.570
191 9.570
192 9.570
193 9.570
194 9.571
195 9.571
196 9.571
197 9.571
198 9.571
199 9.571
200 9.571
201 9.571
202 9.571
203 9.572
204 9.572
205 9.571
206 9.571
207 9.572
208 9.572
209 9.572
210 9.572
211 9.571
212 9.571
213 9.571
214 9.571
215 9.571
216 9.572
217 9.572
218 9.572
219 9.572
220 9.572
221 9.572
222 9.572
223 9.572
224 9.573
225 9.573
226 9.573
227 9.573
228 9.573
229 9.573
230 9.574
231 9.573
232 9.573
233 9.573
234 9.574
235 9.574
236 9.573
237 9.573
238 9.573
239 9.574
240 9.573
241 9.573
242 9.573
243 9.574
244 9.574
245 9.573
246 9.573
247 9.574
248 9.574
249 9.574
250 9.574
251 9.574
252 9.574
253 9.574
254 9.574
255 9.574
256 9.574
257 9.574
258 9.574
259 9.575
260 9.575
261 9.574
262 9.575
263 9.575
264 9.575
265 9.575
266 9.574
267 9.574
268 9.575
269 9.575
270 9.575
271 9.575
272 9.575
273 9.575
274 9.575
275 9.575
276 9.575
277 9.575
278 9.575
279 9.575
280 9.576
281 9.576
282 9.576
283 9.575
284 9.576
285 9.576
286 9.576
287 9.575
288 9.576
289 9.576
290 9.576
291 9.576
292 9.576
293 9.576
294 9.575
295 9.576
296 9.576
297 9.576
298 9.576
299 9.576
300 9.576
