1 9.712
2 9.712
3 9.713
4 9.713
5 9.714
6 9.714
7 9.714
8 9.716
9 9.716
10 9.716
11 9.716
12 9.716
13 9.717
14 9.717
15 9.717
16 9.718
17 9.718
18 9.718
19 9.719
20 9.719
21 9.719
22 9.719
23 9.719
24 9.720
25 9.719
26 9.719
27 9.721
28 9.720
29 9.720
30 9.720
31 9.721
32 9.721
33 9.721
34 9.721
35 9.722
36 9.721
37 9.722
38 9.722
39 9.722
40 9.722
41 9.722
42 9.722
43 9.723
44 9.723
45 9.723
46 9.724
47 9.723
48 9.723
49 9.724
50 9.724
51 9.724
52 9.725
53 9.725
54 9.725
55 9.725
56 9.725
57 9.725
58 9.725
59 9.725
60 9.725
61 9.726
62 9.725
63 9.726
64 9.726
65 9.726
66 9.726
67 9.726
68 9.726
69 9.726
70 9.725
71 9.727
72 9.727
73 9.727
74 9.727
75 9.727
76 9.727
77 9.727
78 9.727
79 9.727
80 9.727
81 9.727
82 9.726
83 9.727
84 9.727
85 9.727
86 9.727
87 9.728
88 9.728
89 9.728
90 9.728
91 9.728
92 9.728
93 9.728
94 9.728
95 9.729
96 9.728
97 9.728
98 9.729
99 9.729
100 9.728
101 9.729
102 9.728
103 9.729
104 9.729
105 9.729
106 9.729
107 9.729
108 9.729
109 9.730
110 9.730
111 9.730
112 9.730
113 9.730
114 9.730
115 9.730
116 9.730
117 9.730
118 9.730
119 9.730
120 9.731
121 9.731
122 9.730
123 9.730
124 9.730
125 9.730
126 9.730
127 9.730
128 9.731
129 9.731
130 9.731
131 9.732
132 9.731
133 9.731
134 9.731
135 9.731
136 9.731
137 9.731
138 9.732
139 9.732
140 9.732
141 9.732
142 9.732
143 9.733
144 9.733
145 9.733
146 9.733
147 9.733
148 9.733
149 9.733
150 9.732
151 9.733
152 9.732
153 9.732
154 9.732
155 9.732
156 9.732
157 9.733
158 9.733
159 9.733
160 9.733
161 9.733
162 9.733
163 9.733
164 9.733
165 9.733
166 9.734
167 9.733
168 9.733
169 9.734
170 9.734
171 9.734
172 9.734
173 9.734
174 9.734
175 9.734
176 9.735
177 9.734
178 9.734
179 9.734
180 9.734
181 9.735
182 9.735
183 9.735
184 9.735
185 9.735
186 9.734
187 9.735
188 9.735
189 9.735
190 9.735
191 9.736
192 9.736
193 9.735
194 9.734
195 9.735
196 9.735
197 9.735
198 9.735
199 9.736
200 9.736
201 9.736
202 9.735
203 9.736
204 9.736
205 9.736
206 9.737
207 9.736
208 9.736
209 9.736
210 9.736
211 9.736
212 9.736
213 9.736
214 9.736
215 9.737
216 9.737
217 9.737
218 9.737
219 9.737
220 9.736
221 9.736
222 9.737
223 9.737
224 9.737
225 9.737
226 9.737
227 9.737
228 9.737
229 9.737
230 9.738
231 9.738
232 9.738
233 9.738
234 9.738
235 9.738
236 9.738
237 9.738
238 9.738
239 9.738
240 9.738
241 9.738
242 9.739
243 9.738
244 9.738
245 9.738
246 9.738
247 9.738
248 9.738
249 9.739
250 9.739
251 9.738
252 9.739
253 9.739
254 9.739
255 9.739
256 9.739
257 9.739
258 9.739
259 9.739
260 9.739
261 9.739
262 9.739
263 9.739
264 9.739
265 9.740
266 9.740
267 9.739
268 9.740
269 9.740
270 9.740
271 9.740
272 9.740
273 9.740
274 9.740
275 9.740
276 9.740
277 9.741
278 9.740
279 9.740
280 9.741
281 9.741
282 9.740
283 9.740
284 9.740
285 9.740
286 9.741
287 9.741
288 9.741
289 9.741
290 9.740
291 9.740
292 9.741
293 9.740
294 9.741
295 9.741
296 9.741
297 9.741
298 9.740
299 9.741
300 9.742
