1500 11.415
1501 11.415
1502 11.415
1503 11.415
1504 11.415
1505 11.415
1506 11.415
1507 11.415
1508 11.415
1509 11.415
1510 11.415
1511 11.415
1512 11.415
1513 11.415
1514 11.415
1515 11.415
1516 11.415
1517 11.415
1518 11.415
1519 11.415
1520 11.415
1521 11.415
1522 11.415
1523 11.415
1524 11.415
1525 11.415
1526 11.415
1527 11.415
1528 11.415
1529 11.415
1530 11.415
1531 11.415
1532 11.415
1533 11.415
1534 11.416
1535 11.415
1536 11.415
1537 11.414
1538 11.415
1539 11.415
1540 11.415
1541 11.415
1542 11.415
1543 11.415
1544 11.415
1545 11.415
1546 11.414
1547 11.415
1548 11.415
1549 11.415
1550 11.415
1551 11.416
1552 11.415
1553 11.415
1554 11.415
1555 11.416
1556 11.415
1557 11.415
1558 11.415
1559 11.415
1560 11.414
1561 11.414
1562 11.415
1563 11.415
1564 11.415
1565 11.415
1566 11.415
1567 11.415
1568 11.415
1569 11.415
1570 11.415
1571 11.415
1572 11.415
1573 11.415
1574 11.415
1575 11.415
1576 11.415
1577 11.415
1578 11.414
1579 11.415
1580 11.415
1581 11.415
1582 11.415
1583 11.415
1584 11.416
1585 11.415
1586 11.415
1587 11.415
1588 11.415
1589 11.415
1590 11.416
1591 11.415
1592 11.414
1593 11.415
1594 11.416
1595 11.415
1596 11.415
1597 11.415
1598 11.415
1599 11.415
1600 11.415
1601 11.414
1602 11.415
1603 11.415
1604 11.415
1605 11.415
1606 11.414
1607 11.416
1608 11.416
1609 11.415
1610 11.415
1611 11.415
1612 11.415
1613 11.416
1614 11.415
1615 11.415
1616 11.415
1617 11.415
1618 11.415
1619 11.415
1620 11.415
1621 11.415
1622 11.415
1623 11.415
1624 11.415
1625 11.415
1626 11.415
1627 11.415
1628 11.415
1629 11.415
1630 11.415
1631 11.415
1632 11.415
1633 11.415
1634 11.415
1635 11.415
1636 11.414
1637 11.414
1638 11.414
1639 11.415
1640 11.415
1641 11.415
1642 11.415
1643 11.415
1644 11.415
1645 11.415
1646 11.415
1647 11.415
1648 11.415
1649 11.415
1650 11.415
1651 11.415
1652 11.415
1653 11.415
1654 11.415
1655 11.415
1656 11.414
1657 11.414
1658 11.414
1659 11.415
1660 11.415
1661 11.415
1662 11.414
1663 11.414
1664 11.414
1665 11.415
1666 11.414
1667 11.414
1668 11.414
1669 11.415
1670 11.414
1671 11.414
1672 11.414
1673 11.414
1674 11.414
1675 11.415
1676 11.415
1677 11.414
1678 11.414
1679 11.415
1680 11.414
1681 11.414
1682 11.414
1683 11.414
1684 11.414
1685 11.414
1686 11.414
1687 11.414
1688 11.415
1689 11.415
1690 11.414
1691 11.414
1692 11.414
1693 11.414
1694 11.414
1695 11.414
1696 11.415
1697 11.415
1698 11.414
1699 11.414
1700 11.414
1701 11.414
1702 11.414
1703 11.414
1704 11.415
1705 11.415
1706 11.415
1707 11.414
1708 11.414
1709 11.414
1710 11.414
1711 11.415
1712 11.415
1713 11.414
1714 11.414
1715 11.414
1716 11.414
1717 11.415
1718 11.415
1719 11.414
1720 11.415
1721 11.414
1722 11.415
1723 11.414
1724 11.413
1725 11.414
1726 11.415
1727 11.415
1728 11.414
1729 11.414
1730 11.414
1731 11.414
1732 11.414
1733 11.414
1734 11.414
1735 11.414
1736 11.414
1737 11.414
1738 11.414
1739 11.413
1740 11.414
1741 11.414
1742 11.414
1743 11.415
1744 11.414
1745 11.414
1746 11.414
1747 11.414
1748 11.415
1749 11.414
1750 11.414
1751 11.414
1752 11.414
1753 11.414
1754 11.413
1755 11.413
1756 11.413
1757 11.414
1758 11.414
1759 11.414
1760 11.415
1761 11.414
1762 11.413
1763 11.414
1764 11.414
1765 11.413
1766 11.413
1767 11.414
1768 11.414
1769 11.414
1770 11.414
1771 11.413
1772 11.414
1773 11.414
1774 11.414
1775 11.414
1776 11.414
1777 11.414
1778 11.414
1779 11.414
1780 11.414
1781 11.413
