178           34.877        
179           34.879        
180           34.886        
181           34.888        
182           34.891        
183           34.893        
184           34.894        
185           34.896        
186           34.896        
187           34.897        
188           34.901        
189           34.904        
190           34.906        
191           34.910        
192           34.911        
193           34.914        
194           34.914        
195           34.916        
196           34.922        
197           34.925        
198           34.929        
199           34.931        
200           34.932        
201           34.933        
202           34.933        
203           34.933        
204           34.932        
205           34.930        
206           34.928        
207           34.927        
208           34.926        
209           34.925        
210           34.924        
211           34.923        
212           34.922        
213           34.921        
214           34.920        
215           34.920        
216           34.919        
217           34.917        
218           34.916        
219           34.914        
220           34.912        
221           34.911        
222           34.910        
223           34.910        
224           34.908        
225           34.906        
226           34.904        
227           34.903        
228           34.902        
229           34.900        
230           34.898        
231           34.897        
232           34.897        
233           34.896        
234           34.895        
235           34.896        
236           34.897        
237           34.898        
238           34.899        
239           34.901        
240           34.904        
241           34.906        
242           34.907        
243           34.911        
244           34.913        
245           34.914        
246           34.914        
247           34.915        
248           34.919        
249           34.921        
250           34.925        
251           34.925        
252           34.927        
253           34.926        
254           34.926        
255           34.927        
256           34.926        
257           34.926        
258           34.924        
259           34.924        
260           34.923        
261           34.922        
262           34.922        
263           34.921        
264           34.920        
265           34.919        
266           34.917        
267           34.917        
268           34.916        
269           34.913        
270           34.911        
271           34.909        
272           34.908        
273           34.907        
274           34.905        
275           34.904        
276           34.902        
277           34.901        
278           34.901        
279           34.900        
280           34.900        
281           34.900        
282           34.902        
283           34.903        
284           34.905        
285           34.906        
286           34.907        
287           34.908        
288           34.910        
289           34.913        
290           34.915        
291           34.917        
292           34.922        
293           34.926        
294           34.927        
295           34.928        
296           34.928        
297           34.928        
298           34.927        
299           34.927        
300           34.925        
301           34.925        
302           34.925        
303           34.924        
304           34.922        
305           34.921        
306           34.921        
307           34.919        
308           34.919        
309           34.918        
310           34.917        
311           34.916        
312           34.915        
313           34.914        
314           34.913        
315           34.911        
316           34.909        
317           34.908        
318           34.906        
319           34.905        
320           34.903        
321           34.902        
322           34.902        
323           34.900        
324           34.899        
325           34.899        
326           34.899        
327           34.899        
328           34.901        
329           34.902        
330           34.904        
331           34.908        
332           34.909        
333           34.909        
334           34.914        
335           34.916        
336           34.920        
337           34.921        
338           34.923        
339           34.926        
340           34.926        
341           34.927        
342           34.927        
343           34.927        
344           34.927        
345           34.927        
346           34.926        
347           34.925        
348           34.925        
349           34.923        
350           34.922        
351           34.921        
352           34.920        
353           34.918        
354           34.917        
355           34.915        
356           34.915        
357           34.914        
358           34.913        
359           34.913        
360           34.911        
361           34.910        
362           34.909        
363           34.908        
364           34.907        
365           34.904        
366           34.902        
367           34.901        
368           34.899        
369           34.898        
370           34.896        
371           34.896        
372           34.896        
373           34.896        
374           34.896        
375           34.899        
376           34.899        
377           34.899        
378           34.900        
379           34.902        
380           34.904        
381           34.907        
382           34.909        
383           34.913        
384           34.914        
385           34.916        
386           34.919        
387           34.921        
388           34.924        
389           34.926        
390           34.927        
391           34.930        
392           34.932        
393           34.933        
394           34.934        
395           34.934        
396           34.933        
397           34.932        
398           34.932        
399           34.930        
400           34.929        
401           34.928        
402           34.928        
403           34.928        
404           34.926        
405           34.925        
406           34.924        
407           34.923        
408           34.921        
409           34.919        
410           34.918        
411           34.916        
412           34.914        
413           34.912        
414           34.909        
415           34.909        
416           34.908        
417           34.907        
418           34.906        
419           34.904        
420           34.904        
421           34.903        
422           34.901        
423           34.900        
424           34.899        
425           34.897        
426           34.896        
427           34.896        
428           34.897        
429           34.897        
430           34.898        
431           34.899        
432           34.900        
433           34.904        
434           34.906        
435           34.911        
436           34.912        
437           34.914        
438           34.915        
439           34.917        
440           34.920        
441           34.921        
442           34.922        
443           34.924        
444           34.926        
445           34.927        
446           34.927        
447           34.926        
448           34.924        
449           34.922        
450           34.922        
451           34.920        
452           34.919        
453           34.917        
454           34.917        
455           34.916        
456           34.915        
457           34.914        
458           34.913        
459           34.910        
460           34.910        
461           34.907        
462           34.907        
463           34.905        
464           34.903        
465           34.902        
466           34.899        
467           34.899        
468           34.899        
469           34.899        
470           34.898        
471           34.899        
472           34.899        
473           34.900        
474           34.902        
475           34.903        
476           34.905        
477           34.909        
478           34.910        
