50            34.893        
51            34.893        
52            34.892        
53            34.892        
54            34.892        
55            34.893        
56            34.892        
57            34.892        
58            34.893        
59            34.893        
60            34.893        
61            34.893        
62            34.893        
63            34.893        
64            34.892        
65            34.891        
66            34.892        
67            34.894        
68            34.894        
69            34.894        
70            34.894        
71            34.894        
72            34.894        
73            34.894        
74            34.893        
75            34.893        
76            34.893        
77            34.894        
78            34.894        
79            34.894        
80            34.893        
81            34.893        
82            34.892        
83            34.892        
84            34.893        
85            34.894        
86            34.894        
87            34.893        
88            34.893        
89            34.892        
90            34.892        
91            34.892        
92            34.892        
93            34.892        
94            34.892        
95            34.892        
96            34.893        
97            34.893        
98            34.894        
99            34.893        
100           34.893        
101           34.893        
102           34.892        
103           34.892        
104           34.891        
105           34.891        
106           34.891        
107           34.892        
108           34.893        
109           34.894        
110           34.893        
111           34.892        
112           34.892        
113           34.893        
114           34.893        
115           34.892        
116           34.892        
117           34.892        
118           34.892        
119           34.892        
120           34.892        
121           34.892        
122           34.893        
123           34.893        
124           34.892        
125           34.892        
126           34.892        
127           34.893        
128           34.893        
129           34.892        
130           34.892        
131           34.891        
132           34.891        
133           34.891        
134           34.891        
135           34.892        
136           34.893        
137           34.894        
138           34.894        
139           34.893        
140           34.892        
141           34.893        
142           34.892        
143           34.893        
144           34.892        
145           34.892        
146           34.891        
147           34.890        
148           34.890        
149           34.889        
150           34.889        
151           34.889        
152           34.890        
153           34.891        
154           34.891        
155           34.892        
156           34.892        
157           34.893        
158           34.893        
159           34.893        
160           34.893        
161           34.893        
162           34.893        
163           34.892        
164           34.892        
165           34.893        
166           34.893        
167           34.893        
168           34.892        
169           34.892        
170           34.892        
171           34.892        
172           34.892        
173           34.891        
174           34.892        
175           34.892        
176           34.892        
177           34.892        
178           34.892        
179           34.892        
180           34.893        
181           34.892        
182           34.892        
183           34.893        
184           34.893        
185           34.893        
186           34.893        
187           34.893        
188           34.893        
189           34.894        
190           34.894        
191           34.894        
192           34.892        
193           34.892        
194           34.892        
195           34.892        
196           34.893        
197           34.892        
198           34.892        
199           34.892        
200           34.893        
201           34.892        
202           34.891        
203           34.891        
204           34.892        
205           34.892        
206           34.892        
207           34.892        
208           34.892        
209           34.893        
210           34.892        
211           34.893        
212           34.893        
213           34.892        
214           34.892        
215           34.890        
216           34.890        
217           34.891        
218           34.891        
219           34.891        
220           34.892        
221           34.892        
222           34.892        
223           34.893        
224           34.893        
225           34.892        
226           34.891        
227           34.891        
228           34.892        
229           34.892        
230           34.892        
231           34.893        
232           34.892        
233           34.891        
234           34.892        
235           34.892        
236           34.893        
237           34.893        
238           34.891        
239           34.893        
240           34.893        
241           34.892        
242           34.891        
243           34.891        
244           34.892        
245           34.893        
246           34.893        
247           34.893        
248           34.894        
249           34.895        
250           34.894        
251           34.893        
252           34.894        
253           34.893        
254           34.893        
255           34.894        
256           34.894        
257           34.893        
258           34.893        
259           34.894        
260           34.894        
261           34.895        
262           34.896        
263           34.896        
264           34.896        
265           34.895        
266           34.894        
267           34.894        
268           34.894        
269           34.894        
270           34.894        
271           34.894        
272           34.894        
273           34.894        
274           34.895        
275           34.894        
276           34.894        
277           34.895        
278           34.895        
279           34.895        
280           34.895        
281           34.895        
282           34.894        
283           34.894        
284           34.893        
285           34.894        
286           34.893        
287           34.893        
288           34.893        
289           34.893        
290           34.892        
291           34.893        
292           34.894        
293           34.894        
294           34.895        
295           34.895        
296           34.895        
297           34.895        
298           34.896        
299           34.895        
300           34.896        
301           34.894        
302           34.894        
303           34.894        
304           34.894        
305           34.894        
306           34.894        
307           34.893        
308           34.894        
309           34.895        
310           34.895        
311           34.896        
312           34.896        
313           34.896        
314           34.895        
315           34.896        
316           34.896        
317           34.896        
318           34.897        
319           34.898        
320           34.899        
321           34.898        
322           34.897        
323           34.897        
324           34.896        
325           34.895        
326           34.895        
327           34.894        
328           34.895        
329           34.895        
330           34.896        
331           34.897        
332           34.897        
333           34.897        
334           34.897        
335           34.896        
336           34.896        
337           34.896        
338           34.896        
339           34.896        
340           34.896        
341           34.896        
342           34.896        
343           34.897        
344           34.897        
345           34.897        
346           34.898        
347           34.898        
348           34.897        
349           34.897        
350           34.895        
351           34.896        
352           34.897        
353           34.897        
354           34.897        
355           34.898        
356           34.898        
357           34.898        
358           34.897        
359           34.898        
360           34.898        
361           34.898        
362           34.898        
363           34.898        
364           34.898        
365           34.898        
366           34.898        
367           34.899        
368           34.898        
369           34.898        
370           34.898        
371           34.898        
372           34.899        
373           34.899        
374           34.899        
375           34.899        
376           34.899        
377           34.899        
378           34.899        
379           34.899        
380           34.899        
381           34.900        
382           34.899        
383           34.900        
