1             35.024        
2             35.024        
3             35.023        
4             35.023        
5             35.022        
6             35.022        
7             35.021        
8             35.021        
9             35.019        
10            35.019        
11            35.018        
12            35.018        
13            35.018        
14            35.017        
15            35.017        
16            35.017        
17            35.016        
18            35.015        
19            35.015        
20            35.014        
21            35.013        
22            35.013        
23            35.013        
24            35.012        
25            35.012        
26            35.011        
27            35.011        
28            35.010        
29            35.009        
30            35.009        
31            35.009        
32            35.008        
33            35.008        
34            35.007        
35            35.006        
36            35.006        
37            35.006        
38            35.005        
39            35.004        
40            35.004        
41            35.004        
42            35.003        
43            35.002        
44            35.002        
45            35.002        
46            35.000        
47            35.000        
48            35.000        
49            35.000        
50            35.000        
51            34.999        
52            34.998        
53            34.998        
54            34.997        
55            34.997        
56            34.995        
57            34.995        
58            34.995        
59            34.994        
60            34.993        
61            34.993        
62            34.993        
63            34.993        
64            34.992        
65            34.991        
66            34.990        
67            34.990        
68            34.990        
69            34.989        
70            34.988        
71            34.988        
72            34.988        
73            34.988        
74            34.987        
75            34.986        
76            34.986        
77            34.985        
78            34.985        
79            34.985        
80            34.983        
81            34.983        
82            34.983        
83            34.982        
84            34.982        
85            34.982        
86            34.981        
87            34.980        
88            34.980        
89            34.980        
90            34.979        
91            34.978        
92            34.978        
93            34.977        
94            34.978        
95            34.976        
96            34.975        
97            34.976        
98            34.975        
99            34.975        
100           34.974        
101           34.974        
102           34.973        
103           34.972        
104           34.972        
105           34.972        
106           34.971        
107           34.970        
108           34.969        
109           34.968        
110           34.968        
111           34.968        
112           34.967        
113           34.967        
114           34.966        
115           34.966        
116           34.966        
117           34.965        
118           34.965        
119           34.964        
120           34.963        
121           34.963        
122           34.963        
123           34.963        
124           34.961        
125           34.961        
126           34.960        
127           34.960        
128           34.960        
129           34.959        
130           34.958        
131           34.958        
132           34.958        
133           34.957        
134           34.957        
135           34.956        
136           34.956        
137           34.955        
138           34.955        
139           34.954        
140           34.954        
141           34.953        
142           34.953        
143           34.952        
144           34.951        
145           34.951        
146           34.951        
147           34.950        
148           34.950        
149           34.950        
150           34.949        
151           34.948        
152           34.947        
153           34.947        
154           34.947        
155           34.946        
156           34.945        
157           34.945        
158           34.945        
159           34.944        
160           34.943        
161           34.943        
162           34.943        
163           34.941        
164           34.941        
165           34.940        
166           34.940        
167           34.940        
168           34.939        
169           34.939        
170           34.939        
171           34.938        
172           34.938        
173           34.937        
174           34.937        
175           34.936        
176           34.935        
177           34.935        
178           34.934        
179           34.933        
180           34.933        
181           34.932        
182           34.932        
183           34.932        
184           34.931        
185           34.931        
186           34.931        
187           34.931        
188           34.930        
189           34.929        
190           34.929        
191           34.928        
192           34.928        
193           34.928        
194           34.928        
195           34.928        
196           34.927        
197           34.926        
198           34.925        
199           34.924        
200           34.924        
201           34.923        
202           34.923        
203           34.922        
204           34.922        
205           34.922        
206           34.921        
207           34.920        
208           34.920        
209           34.919        
210           34.919        
211           34.919        
212           34.918        
213           34.918        
214           34.919        
215           34.920        
216           34.921        
217           34.923        
218           34.927        
219           34.930        
220           34.944        
221           34.953        
222           34.960        
223           34.974        
224           34.981        
225           35.000        
226           35.010        
227           35.015        
228           35.020        
229           35.022        
230           35.026        
231           35.027        
232           35.029        
233           35.031        
234           35.032        
235           35.033        
236           35.036        
237           35.036        
238           35.038        
239           35.039        
240           35.039        
241           35.040        
242           35.040        
243           35.040        
244           35.040        
245           35.039        
246           35.039        
247           35.040        
248           35.040        
249           35.039        
250           35.039        
251           35.038        
252           35.038        
253           35.037        
254           35.037        
255           35.037        
256           35.036        
257           35.036        
258           35.036        
259           35.035        
260           35.035        
261           35.034        
262           35.033        
263           35.033        
264           35.033        
265           35.032        
266           35.031        
267           35.031        
268           35.030        
269           35.029        
270           35.029        
271           35.029        
272           35.028        
273           35.027        
274           35.027        
275           35.026        
276           35.026        
277           35.025        
278           35.025        
279           35.025        
280           35.024        
281           35.024        
282           35.023        
283           35.023        
284           35.022        
285           35.022        
286           35.022        
287           35.021        
288           35.021        
289           35.020        
290           35.019        
291           35.019        
292           35.019        
293           35.018        
294           35.018        
295           35.017        
296           35.018        
297           35.017        
298           35.016        
299           35.016        
300           35.015        
301           35.014        
302           35.013        
303           35.012        
304           35.012        
305           35.011        
306           35.010        
307           35.010        
308           35.010        
309           35.009        
310           35.009        
311           35.009        
312           35.008        
313           35.008        
314           35.006        
315           35.005        
316           35.006        
317           35.005        
318           35.005        
319           35.005        
320           35.004        
321           35.003        
322           35.004        
323           35.003        
324           35.002        
325           35.001        
326           35.001        
327           35.000        
328           35.000        
329           34.999        
330           34.998        
331           34.998        
332           34.998        
333           34.998        
334           34.997        
335           34.997        
336           34.997        
337           34.996        
338           34.995        
339           34.995        
340           34.994        
341           34.994        
342           34.993        
343           34.992        
344           34.992        
345           34.991        
346           34.991        
347           34.990        
348           34.990        
349           34.990        
350           34.989        
351           34.988        
352           34.988        
353           34.987        
354           34.987        
355           34.986        
356           34.986        
357           34.986        
358           34.984        
359           34.984        
360           34.984        
361           34.983        
362           34.983        
363           34.982        
364           34.982        
365           34.981        
366           34.980        
367           34.980        
368           34.980        
369           34.980        
370           34.979        
371           34.978        
372           34.978        
373           34.977        
374           34.976        
375           34.976        
376           34.975        
377           34.975        
378           34.975        
379           34.974        
380           34.974        
381           34.972        
382           34.973        
383           34.973        
384           34.972        
385           34.971        
386           34.970        
387           34.970        
388           34.970        
389           34.969        
390           34.968        
391           34.968        
392           34.967        
393           34.967        
394           34.966        
395           34.966        
396           34.965        
397           34.964        
398           34.963        
399           34.963        
400           34.963        
401           34.963        
402           34.962        
403           34.962        
404           34.961        
405           34.960        
406           34.960        
407           34.959        
408           34.959        
409           34.959        
410           34.958        
411           34.958        
412           34.956        
413           34.956        
414           34.956        
415           34.955        
416           34.955        
417           34.955        
418           34.955        
419           34.955        
420           34.954        
421           34.953        
422           34.953        
423           34.951        
424           34.951        
425           34.950        
426           34.950        
427           34.950        
428           34.949        
429           34.948        
430           34.947        
431           34.947        
432           34.947        
433           34.946        
434           34.946        
435           34.946        
436           34.945        
437           34.945        
438           34.944        
439           34.944        
440           34.944        
441           34.943        
442           34.943        
443           34.942        
444           34.941        
445           34.941        
446           34.939        
447           34.939        
448           34.939        
449           34.938        
450           34.938        
451           34.937        
452           34.937        
453           34.936        
454           34.936        
455           34.936        
456           34.935        
457           34.934        
458           34.934        
459           34.933        
460           34.933        
461           34.933        
462           34.932        
463           34.932        
464           34.932        
465           34.931        
466           34.931        
467           34.930        
468           34.929        
469           34.929        
470           34.929        
471           34.928        
472           34.928        
473           34.927        
474           34.926        
475           34.926        
476           34.925        
477           34.924        
478           34.924        
479           34.923        
480           34.923        
481           34.922        
482           34.922        
483           34.921        
484           34.921        
485           34.921        
486           34.922        
487           34.923        
488           34.925        
489           34.927        
490           34.932        
491           34.940        
492           34.950        
493           34.975        
494           34.988        
495           34.997        
496           35.005        
497           35.008        
498           35.014        
499           35.018        
500           35.020        
501           35.025        
502           35.026        
503           35.026        
504           35.026        
505           35.027        
506           35.029        
507           35.030        
508           35.031        
509           35.032        
510           35.033        
511           35.033        
512           35.034        
513           35.034        
514           35.034        
515           35.034        
516           35.034        
517           35.034        
518           35.033        
519           35.033        
520           35.032        
521           35.031        
522           35.031        
523           35.030        
524           35.031        
525           35.031        
526           35.031        
527           35.031        
528           35.030        
529           35.029        
530           35.028        
531           35.028        
532           35.027        
533           35.027        
534           35.027        
535           35.025        
536           35.025        
537           35.025        
538           35.024        
539           35.023        
540           35.022        
541           35.022        
542           35.022        
543           35.021        
544           35.021        
545           35.021        
546           35.020        
547           35.020        
548           35.020        
549           35.020        
550           35.019        
551           35.019        
552           35.018        
553           35.017        
554           35.017        
555           35.016        
556           35.016        
557           35.015        
558           35.014        
559           35.013        
560           35.013        
561           35.012        
562           35.012        
563           35.012        
564           35.012        
565           35.011        
566           35.011        
567           35.010        
568           35.009        
569           35.008        
570           35.008        
571           35.007        
572           35.007        
573           35.007        
574           35.006        
575           35.006        
576           35.006        
577           35.005        
578           35.004        
579           35.003        
580           35.003        
581           35.003        
582           35.003        
583           35.002        
584           35.001        
585           35.000        
586           35.000        
587           35.000        
588           35.000        
589           34.999        
590           34.998        
591           34.998        
592           34.997        
593           34.997        
594           34.997        
595           34.995        
596           34.995        
597           34.995        
598           34.994        
599           34.993        
600           34.992        
601           34.992        
602           34.992        
603           34.992        
604           34.991        
605           34.990        
606           34.990        
607           34.990        
608           34.989        
609           34.988        
610           34.988        
611           34.987        
612           34.987        
613           34.986        
614           34.985        
615           34.985        
616           34.985        
617           34.984        
618           34.983        
619           34.983        
620           34.982        
621           34.982        
622           34.982        
623           34.981        
624           34.980        
625           34.980        
626           34.979        
627           34.978        
628           34.978        
629           34.977        
630           34.977        
631           34.976        
632           34.975        
633           34.976        
634           34.976        
635           34.975        
636           34.975        
637           34.974        
638           34.973        
639           34.973        
640           34.972        
641           34.972        
642           34.971        
643           34.971        
644           34.970        
645           34.970        
646           34.970        
647           34.969        
648           34.968        
649           34.967        
650           34.967        
651           34.967        
652           34.966        
653           34.966        
654           34.964        
655           34.965        
656           34.965        
657           34.963        
658           34.963        
659           34.962        
660           34.962        
661           34.962        
662           34.961        
663           34.960        
664           34.961        
665           34.960        
666           34.960        
667           34.958        
668           34.957        
669           34.957        
670           34.957        
671           34.957        
672           34.956        
673           34.955        
674           34.955        
675           34.953        
676           34.953        
677           34.954        
678           34.953        
679           34.953        
680           34.952        
681           34.952        
682           34.952        
683           34.951        
684           34.951        
685           34.950        
686           34.949        
687           34.949        
688           34.947        
689           34.947        
690           34.946        
691           34.945        
692           34.945        
693           34.944        
694           34.944        
695           34.944        
696           34.943        
697           34.942        
698           34.942        
699           34.942        
700           34.941        
701           34.940        
702           34.940        
703           34.940        
704           34.940        
705           34.940        
706           34.938        
707           34.938        
708           34.937        
709           34.936        
710           34.936        
711           34.936        
712           34.935        
713           34.934        
714           34.934        
715           34.934        
716           34.933        
717           34.933        
718           34.932        
719           34.932        
720           34.931        
721           34.931        
722           34.930        
723           34.930        
724           34.930        
725           34.929        
726           34.929        
727           34.929        
728           34.928        
729           34.927        
730           34.927        
731           34.926        
732           34.926        
733           34.925        
734           34.924        
735           34.924        
736           34.924        
737           34.923        
738           34.922        
739           34.922        
740           34.923        
741           34.924        
742           34.927        
743           34.938        
744           34.948        
745           34.965        
746           34.972        
747           34.979        
748           34.993        
749           34.997        
750           35.000        
751           35.011        
752           35.016        
753           35.022        
754           35.024        
755           35.027        
756           35.038        
757           35.043        
758           35.050        
759           35.052        
760           35.054        
761           35.056        
762           35.056        
763           35.056        
764           35.057        
765           35.056        
766           35.056        
767           35.056        
768           35.056        
769           35.056        
770           35.057        
771           35.056        
772           35.057        
773           35.056        
774           35.055        
775           35.056        
776           35.055        
777           35.054        
778           35.054        
779           35.054        
780           35.054        
781           35.053        
782           35.053        
783           35.052        
784           35.052        
785           35.052        
786           35.051        
787           35.051        
788           35.050        
789           35.050        
790           35.049        
791           35.049        
792           35.049        
793           35.048        
794           35.047        
795           35.047        
796           35.047        
797           35.046        
798           35.045        
799           35.045        
800           35.045        
801           35.044        
802           35.044        
803           35.043        
804           35.042        
805           35.041        
806           35.041        
807           35.041        
808           35.039        
809           35.039        
810           35.038        
811           35.038        
812           35.038        
813           35.038        
814           35.037        
815           35.036        
816           35.036        
817           35.035        
818           35.035        
819           35.035        
820           35.034        
821           35.033        
822           35.033        
823           35.032        
824           35.032        
825           35.031        
826           35.031        
827           35.030        
828           35.029        
829           35.029        
830           35.028        
831           35.028        
832           35.028        
833           35.027        
834           35.026        
835           35.026        
836           35.026        
837           35.026        
838           35.025        
839           35.024        
840           35.024        
841           35.023        
842           35.022        
843           35.022        
844           35.021        
845           35.021        
846           35.021        
847           35.020        
848           35.019        
849           35.017        
850           35.017        
851           35.016        
852           35.016        
853           35.016        
854           35.016        
855           35.015        
856           35.015        
857           35.015        
858           35.014        
859           35.013        
860           35.012        
861           35.012        
862           35.011        
863           35.011        
864           35.010        
865           35.010        
866           35.010        
867           35.009        
868           35.008        
869           35.008        
870           35.007        
871           35.007        
872           35.006        
873           35.006        
874           35.005        
875           35.004        
876           35.004        
877           35.003        
878           35.003        
879           35.002        
880           35.003        
881           35.002        
882           35.002        
883           35.002        
884           35.001        
885           35.001        
886           35.000        
887           35.000        
888           34.999        
889           34.999        
890           34.998        
891           34.997        
892           34.997        
893           34.996        
894           34.995        
895           34.995        
896           34.995        
897           34.994        
898           34.993        
899           34.992        
900           34.992        
901           34.992        
902           34.991        
903           34.991        
904           34.990        
905           34.990        
906           34.990        
907           34.989        
908           34.989        
909           34.987        
910           34.987        
911           34.986        
912           34.986        
913           34.986        
914           34.985        
915           34.985        
916           34.984        
917           34.983        
918           34.982        
919           34.983        
920           34.982        
921           34.982        
922           34.981        
923           34.980        
924           34.980        
925           34.979        
926           34.979        
927           34.978        
928           34.978        
929           34.978        
930           34.978        
931           34.977        
932           34.976        
933           34.976        
934           34.975        
935           34.975        
936           34.975        
937           34.974        
938           34.973        
939           34.973        
940           34.972        
941           34.971        
942           34.970        
943           34.969        
944           34.969        
945           34.969        
946           34.968        
947           34.967        
948           34.967        
949           34.966        
950           34.966        
951           34.966        
952           34.965        
953           34.964        
954           34.964        
955           34.963        
956           34.963        
957           34.963        
958           34.963        
959           34.962        
960           34.961        
961           34.960        
962           34.960        
963           34.960        
964           34.958        
965           34.958        
966           34.957        
967           34.957        
968           34.956        
969           34.955        
970           34.955        
971           34.956        
972           34.954        
973           34.954        
974           34.953        
975           34.953        
976           34.952        
977           34.952        
978           34.951        
979           34.950        
980           34.950        
981           34.950        
982           34.950        
983           34.949        
984           34.949        
985           34.949        
986           34.949        
987           34.947        
988           34.947        
989           34.946        
990           34.945        
991           34.945        
992           34.944        
993           34.944        
994           34.944        
995           34.943        
996           34.943        
997           34.943        
998           34.941        
999           34.941        
1000          34.940        
1001          34.940        
1002          34.940        
1003          34.939        
1004          34.940        
1005          34.938        
1006          34.938        
1007          34.938        
1008          34.937        
1009          34.937        
1010          34.936        
1011          34.935        
1012          34.935        
1013          34.934        
1014          34.933        
1015          34.933        
1016          34.933        
1017          34.932        
1018          34.931        
1019          34.931        
1020          34.931        
1021          34.930        
1022          34.929        
1023          34.929        
1024          34.929        
1025          34.928        
1026          34.928        
1027          34.928        
1028          34.927        
1029          34.926        
1030          34.925        
1031          34.926        
1032          34.929        
1033          34.932        
1034          34.939        
1035          34.943        
1036          34.950        
1037          34.967        
1038          34.976        
1039          34.993        
1040          35.000        
1041          35.006        
1042          35.020        
1043          35.026        
1044          35.034        
1045          35.037        
1046          35.038        
1047          35.038        
1048          35.038        
1049          35.038        
1050          35.040        
1051          35.040        
1052          35.042        
1053          35.044        
1054          35.044        
1055          35.044        
1056          35.044        
1057          35.044        
1058          35.044        
1059          35.044        
1060          35.044        
1061          35.044        
1062          35.044        
1063          35.042        
1064          35.043        
1065          35.043        
1066          35.043        
1067          35.042        
1068          35.042        
1069          35.042        
1070          35.041        
1071          35.042        
1072          35.041        
1073          35.040        
1074          35.040        
1075          35.039        
1076          35.039        
1077          35.039        
1078          35.038        
1079          35.038        
1080          35.036        
1081          35.036        
1082          35.035        
1083          35.035        
1084          35.035        
1085          35.035        
1086          35.034        
1087          35.033        
1088          35.032        
1089          35.031        
1090          35.031        
1091          35.031        
1092          35.031        
1093          35.030        
1094          35.029        
1095          35.029        
1096          35.029        
1097          35.028        
1098          35.028        
1099          35.027        
1100          35.027        
1101          35.026        
1102          35.024        
1103          35.024        
1104          35.024        
1105          35.023        
1106          35.023        
1107          35.023        
1108          35.022        
1109          35.022        
1110          35.022        
1111          35.021        
1112          35.020        
1113          35.020        
1114          35.019        
1115          35.019        
1116          35.018        
1117          35.016        
1118          35.017        
1119          35.017        
1120          35.015        
1121          35.015        
1122          35.015        
1123          35.014        
1124          35.013        
1125          35.012        
1126          35.012        
1127          35.012        
1128          35.012        
1129          35.011        
1130          35.010        
1131          35.010        
1132          35.009        
1133          35.009        
1134          35.008        
1135          35.008        
1136          35.007        
1137          35.007        
1138          35.006        
1139          35.006        
1140          35.006        
1141          35.004        
1142          35.004        
1143          35.004        
1144          35.003        
1145          35.002        
1146          35.001        
1147          35.001        
1148          35.001        
1149          35.001        
1150          35.000        
1151          35.000        
1152          35.000        
1153          34.999        
1154          34.998        
1155          34.998        
1156          34.998        
1157          34.997        
1158          34.997        
1159          34.995        
1160          34.995        
1161          34.995        
1162          34.994        
1163          34.994        
1164          34.993        
1165          34.993        
1166          34.993        
1167          34.991        
1168          34.991        
1169          34.991        
1170          34.991        
1171          34.990        
1172          34.989        
1173          34.988        
1174          34.988        
1175          34.987        
1176          34.986        
1177          34.986        
1178          34.986        
1179          34.985        
1180          34.985        
1181          34.985        
1182          34.984        
1183          34.983        
1184          34.983        
1185          34.982        
1186          34.982        
1187          34.982        
1188          34.980        
1189          34.979        
1190          34.979        
1191          34.979        
1192          34.978        
1193          34.978        
1194          34.977        
1195          34.976        
1196          34.976        
1197          34.975        
1198          34.975        
1199          34.975        
1200          34.975        
1201          34.974        
1202          34.973        
1203          34.973        
1204          34.972        
1205          34.972        
1206          34.971        
1207          34.971        
1208          34.970        
1209          34.970        
1210          34.970        
1211          34.968        
1212          34.968        
1213          34.968        
1214          34.967        
1215          34.966        
1216          34.965        
1217          34.966        
1218          34.966        
1219          34.964        
1220          34.964        
1221          34.964        
1222          34.963        
1223          34.962        
1224          34.961        
1225          34.961        
1226          34.960        
1227          34.960        
1228          34.959        
1229          34.959        
1230          34.959        
1231          34.959        
1232          34.957        
1233          34.956        
1234          34.956        
1235          34.956        
1236          34.956        
1237          34.954        
1238          34.954        
1239          34.954        
1240          34.953        
1241          34.953        
1242          34.952        
1243          34.952        
1244          34.951        
1245          34.950        
1246          34.950        
1247          34.949        
1248          34.950        
1249          34.950        
1250          34.949        
1251          34.948        
1252          34.947        
1253          34.946        
1254          34.946        
1255          34.946        
1256          34.944        
1257          34.944        
1258          34.944        
1259          34.944        
1260          34.943        
1261          34.942        
1262          34.942        
1263          34.941        
1264          34.941        
1265          34.940        
1266          34.940        
1267          34.939        
1268          34.939        
1269          34.938        
1270          34.938        
1271          34.938        
1272          34.937        
1273          34.936        
1274          34.936        
1275          34.936        
1276          34.936        
1277          34.935        
1278          34.935        
1279          34.933        
1280          34.932        
1281          34.932        
1282          34.932        
1283          34.931        
1284          34.930        
1285          34.931        
1286          34.930        
1287          34.930        
1288          34.929        
1289          34.930        
1290          34.930        
1291          34.931        
1292          34.934        
1293          34.938        
1294          34.947        
1295          34.952        
1296          34.957        
1297          34.968        
1298          34.972        
1299          34.979        
1300          34.985        
1301          34.996        
1302          35.013        
1303          35.020        
1304          35.026        
1305          35.035        
1306          35.037        
1307          35.038        
1308          35.038        
1309          35.038        
1310          35.039        
1311          35.039        
1312          35.039        
1313          35.040        
1314          35.041        
1315          35.042        
1316          35.042        
1317          35.042        
1318          35.042        
1319          35.042        
1320          35.042        
1321          35.042        
1322          35.042        
1323          35.042        
1324          35.041        
1325          35.041        
1326          35.040        
1327          35.039        
1328          35.038        
1329          35.039        
1330          35.038        
1331          35.038        
1332          35.037        
1333          35.037        
1334          35.036        
1335          35.036        
1336          35.036        
1337          35.034        
1338          35.034        
1339          35.034        
1340          35.034        
1341          35.033        
1342          35.033        
1343          35.032        
1344          35.032        
1345          35.031        
1346          35.030        
1347          35.030        
1348          35.030        
1349          35.029        
1350          35.029        
1351          35.029        
1352          35.028        
1353          35.028        
1354          35.027        
1355          35.027        
1356          35.026        
1357          35.026        
1358          35.025        
1359          35.024        
1360          35.023        
1361          35.023        
1362          35.022        
1363          35.021        
1364          35.021        
1365          35.020        
1366          35.020        
1367          35.020        
1368          35.019        
1369          35.019        
1370          35.018        
1371          35.018        
1372          35.017        
1373          35.017        
1374          35.016        
1375          35.015        
1376          35.014        
1377          35.014        
1378          35.014        
1379          35.014        
1380          35.013        
1381          35.012        
1382          35.012        
1383          35.011        
1384          35.011        
1385          35.010        
1386          35.010        
1387          35.009        
1388          35.008        
1389          35.008        
1390          35.008        
1391          35.008        
1392          35.007        
1393          35.005        
1394          35.005        
1395          35.005        
1396          35.004        
1397          35.004        
1398          35.003        
1399          35.003        
1400          35.003        
1401          35.002        
1402          35.002        
1403          35.001        
1404          35.000        
1405          35.000        
1406          35.000        
1407          34.999        
1408          34.998        
1409          34.998        
1410          34.998        
1411          34.997        
1412          34.996        
1413          34.995        
1414          34.995        
1415          34.994        
1416          34.994        
1417          34.994        
1418          34.994        
1419          34.992        
1420          34.992        
1421          34.992        
1422          34.991        
1423          34.991        
1424          34.990        
1425          34.990        
1426          34.990        
1427          34.989        
1428          34.989        
1429          34.989        
1430          34.988        
1431          34.987        
1432          34.986        
1433          34.986        
1434          34.985        
1435          34.984        
1436          34.984        
1437          34.984        
1438          34.983        
1439          34.983        
1440          34.982        
1441          34.982        
1442          34.981        
1443          34.981        
1444          34.981        
1445          34.979        
1446          34.979        
1447          34.979        
1448          34.978        
1449          34.978        
1450          34.976        
1451          34.976        
1452          34.976        
1453          34.975        
1454          34.974        
1455          34.973        
1456          34.973        
1457          34.973        
1458          34.972        
1459          34.971        
1460          34.971        
1461          34.970        
1462          34.970        
1463          34.969        
1464          34.969        
1465          34.969        
1466          34.968        
1467          34.968        
1468          34.968        
1469          34.967        
1470          34.966        
1471          34.965        
1472          34.965        
1473          34.965        
1474          34.964        
1475          34.964        
1476          34.963        
1477          34.963        
1478          34.962        
1479          34.962        
1480          34.962        
1481          34.962        
1482          34.960        
1483          34.959        
1484          34.958        
1485          34.958        
1486          34.958        
1487          34.958        
1488          34.957        
1489          34.956        
1490          34.956        
1491          34.955        
1492          34.955        
1493          34.954        
1494          34.954        
1495          34.953        
1496          34.952        
1497          34.951        
1498          34.951        
1499          34.951        
1500          34.950        
1501          34.950        
1502          34.949        
1503          34.948        
1504          34.948        
1505          34.948        
1506          34.948        
1507          34.947        
1508          34.946        
1509          34.946        
1510          34.946        
1511          34.945        
1512          34.944        
1513          34.943        
1514          34.943        
1515          34.942        
1516          34.942        
1517          34.941        
1518          34.941        
1519          34.940        
1520          34.940        
1521          34.940        
1522          34.940        
1523          34.938        
1524          34.938        
1525          34.938        
1526          34.938        
1527          34.937        
1528          34.935        
1529          34.935        
1530          34.935        
1531          34.934        
1532          34.934        
1533          34.933        
1534          34.932        
1535          34.932        
1536          34.931        
1537          34.931        
1538          34.931        
1539          34.930        
1540          34.930        
1541          34.930        
1542          34.929        
1543          34.930        
1544          34.932        
1545          34.933        
1546          34.936        
1547          34.950        
1548          34.960        
1549          34.981        
1550          34.989        
1551          34.995        
1552          35.007        
1553          35.015        
1554          35.031        
1555          35.035        
1556          35.037        
1557          35.042        
1558          35.043        
1559          35.044        
1560          35.045        
1561          35.045        
1562          35.045        
1563          35.046        
1564          35.046        
1565          35.047        
1566          35.047        
1567          35.048        
1568          35.048        
1569          35.049        
1570          35.050        
1571          35.051        
1572          35.051        
1573          35.051        
1574          35.051        
1575          35.050        
1576          35.051        
1577          35.050        
1578          35.050        
1579          35.049        
1580          35.049        
1581          35.048        
1582          35.048        
1583          35.047        
1584          35.047        
1585          35.046        
1586          35.046        
1587          35.046        
1588          35.046        
1589          35.045        
1590          35.045        
1591          35.044        
1592          35.044        
1593          35.043        
1594          35.043        
1595          35.043        
1596          35.042        
1597          35.041        
1598          35.040        
1599          35.041        
1600          35.040        
1601          35.039        
1602          35.039        
1603          35.039        
1604          35.037        
1605          35.037        
1606          35.036        
1607          35.035        
1608          35.035        
1609          35.035        
1610          35.034        
1611          35.034        
1612          35.033        
1613          35.033        
1614          35.032        
1615          35.032        
1616          35.031        
1617          35.030        
1618          35.030        
1619          35.029        
1620          35.029        
1621          35.029        
1622          35.028        
1623          35.027        
1624          35.027        
1625          35.027        
1626          35.026        
1627          35.025        
1628          35.024        
1629          35.024        
1630          35.024        
1631          35.024        
1632          35.024        
1633          35.023        
1634          35.023        
1635          35.021        
1636          35.020        
1637          35.020        
1638          35.019        
1639          35.019        
1640          35.019        
1641          35.017        
1642          35.017        
1643          35.017        
1644          35.017        
1645          35.016        
1646          35.015        
1647          35.015        
1648          35.014        
1649          35.014        
1650          35.013        
1651          35.013        
1652          35.012        
1653          35.011        
1654          35.011        
1655          35.010        
1656          35.010        
1657          35.010        
1658          35.008        
1659          35.008        
1660          35.008        
1661          35.007        
1662          35.007        
1663          35.006        
1664          35.005        
1665          35.005        
1666          35.004        
1667          35.005        
1668          35.004        
1669          35.003        
1670          35.002        
1671          35.002        
1672          35.001        
1673          35.002        
1674          35.000        
1675          35.000        
1676          35.000        
1677          35.000        
1678          34.999        
1679          34.998        
1680          34.998        
1681          34.998        
1682          34.997        
1683          34.996        
1684          34.996        
1685          34.995        
1686          34.995        
1687          34.994        
1688          34.994        
1689          34.994        
1690          34.993        
1691          34.993        
1692          34.992        
1693          34.992        
1694          34.990        
1695          34.990        
1696          34.990        
1697          34.989        
1698          34.988        
1699          34.988        
1700          34.988        
1701          34.987        
1702          34.987        
1703          34.986        
1704          34.986        
1705          34.984        
1706          34.985        
1707          34.985        
1708          34.983        
1709          34.983        
1710          34.982        
1711          34.981        
1712          34.981        
1713          34.981        
1714          34.980        
1715          34.980        
1716          34.979        
1717          34.979        
1718          34.978        
1719          34.978        
1720          34.978        
1721          34.976        
1722          34.976        
1723          34.975        
1724          34.975        
1725          34.974        
1726          34.973        
1727          34.973        
1728          34.973        
1729          34.972        
1730          34.972        
1731          34.971        
1732          34.971        
1733          34.971        
1734          34.970        
1735          34.969        
1736          34.968        
1737          34.968        
1738          34.967        
1739          34.966        
1740          34.966        
1741          34.966        
1742          34.965        
1743          34.965        
1744          34.964        
1745          34.963        
1746          34.963        
1747          34.962        
1748          34.962        
1749          34.962        
1750          34.960        
1751          34.960        
1752          34.959        
1753          34.959        
1754          34.959        
1755          34.958        
1756          34.958        
1757          34.958        
1758          34.958        
1759          34.957        
1760          34.956        
1761          34.956        
1762          34.956        
1763          34.955        
1764          34.954        
1765          34.953        
1766          34.953        
1767          34.953        
1768          34.952        
1769          34.951        
1770          34.950        
1771          34.950        
1772          34.950        
1773          34.950        
1774          34.949        
1775          34.948        
1776          34.947        
1777          34.947        
1778          34.946        
1779          34.946        
1780          34.945        
1781          34.945        
1782          34.944        
1783          34.944        
1784          34.943        
1785          34.943        
1786          34.941        
1787          34.941        
1788          34.941        
1789          34.940        
1790          34.940        
1791          34.939        
1792          34.938        
1793          34.938        
1794          34.938        
1795          34.938        
1796          34.937        
1797          34.937        
1798          34.936        
1799          34.935        
1800          34.935        
1801          34.934        
1802          34.934        
1803          34.933        
1804          34.932        
1805          34.932        
1806          34.932        
