            0.0020         0.0020       100.4664  
            0.0545         0.0022       100.4244  
            0.1179         0.0024        99.8977  
            0.1984         0.0056        99.0587  
            0.2997         0.0076        96.3300  
            0.4161         0.0140        91.2617  
            0.4702         0.2362        88.1564  
            0.4839         0.4161        88.0230  
            0.4909         0.5015        88.0450  
            0.4909         0.4770        88.0380  
            0.4909         0.4874        88.0384  
            0.4909         0.4909        87.9970  
            0.4909         0.4874        87.9834  
            0.4944         0.4979        88.0070  
            0.4979         0.5464        88.0274  
            0.5198         0.6479        88.3540  
            0.5464         0.7103        89.1764  
            0.5662         0.7568        90.6590  
            0.6856         0.7839        93.1177  
            0.7675         0.7895        95.6734  
            0.7895         0.7839        97.4334  
