1             34.909        
2             34.909        
3             34.908        
4             34.907        
5             34.907        
6             34.906        
7             34.906        
8             34.905        
9             34.905        
10            34.905        
11            34.904        
12            34.903        
13            34.903        
14            34.903        
15            34.902        
16            34.902        
17            34.902        
18            34.901        
19            34.902        
20            34.902        
21            34.903        
22            34.903        
23            34.903        
24            34.903        
25            34.903        
26            34.904        
27            34.906        
28            34.906        
29            34.908        
30            34.909        
31            34.909        
32            34.909        
33            34.910        
34            34.910        
35            34.910        
36            34.910        
37            34.911        
38            34.911        
39            34.911        
40            34.912        
41            34.912        
42            34.912        
43            34.912        
44            34.912        
45            34.909        
46            34.909        
47            34.909        
48            34.909        
49            34.909        
50            34.909        
51            34.908        
52            34.909        
53            34.907        
54            34.907        
55            34.907        
56            34.905        
57            34.905        
58            34.904        
59            34.904        
60            34.904        
61            34.903        
62            34.903        
63            34.902        
64            34.902        
65            34.902        
66            34.901        
67            34.902        
68            34.902        
69            34.902        
70            34.902        
71            34.903        
72            34.903        
73            34.903        
74            34.904        
75            34.905        
76            34.907        
77            34.908        
78            34.908        
79            34.909        
80            34.909        
81            34.909        
82            34.909        
83            34.909        
84            34.909        
85            34.910        
86            34.911        
87            34.910        
88            34.911        
89            34.910        
90            34.910        
91            34.910        
92            34.909        
93            34.910        
94            34.910        
95            34.909        
96            34.909        
97            34.909        
98            34.908        
99            34.908        
100           34.907        
101           34.907        
102           34.905        
103           34.905        
104           34.905        
105           34.904        
106           34.904        
107           34.903        
108           34.903        
109           34.903        
110           34.904        
111           34.904        
112           34.904        
113           34.904        
114           34.905        
115           34.906        
116           34.906        
117           34.906        
118           34.907        
119           34.908        
120           34.909        
121           34.909        
122           34.909        
123           34.909        
124           34.910        
125           34.910        
126           34.910        
127           34.910        
128           34.910        
129           34.909        
130           34.909        
131           34.908        
132           34.908        
133           34.908        
134           34.908        
135           34.908        
136           34.908        
137           34.907        
138           34.906        
139           34.906        
140           34.905        
141           34.904        
142           34.904        
143           34.904        
144           34.903        
145           34.903        
146           34.903        
147           34.903        
148           34.902        
149           34.901        
150           34.901        
151           34.903        
152           34.904        
153           34.905        
154           34.905        
155           34.905        
156           34.905        
157           34.906        
158           34.907        
159           34.908        
160           34.909        
161           34.909        
162           34.909        
163           34.910        
164           34.910        
165           34.911        
166           34.911        
167           34.912        
168           34.912        
169           34.913        
170           34.914        
171           34.914        
172           34.914        
173           34.913        
174           34.913        
175           34.912        
176           34.912        
177           34.911        
178           34.911        
179           34.912        
180           34.912        
181           34.911        
182           34.910        
183           34.910        
184           34.910        
185           34.909        
186           34.909        
187           34.908        
188           34.908        
189           34.907        
190           34.907        
191           34.905        
192           34.906        
193           34.905        
194           34.905        
195           34.904        
196           34.904        
197           34.904        
198           34.904        
199           34.904        
200           34.904        
201           34.903        
202           34.903        
203           34.904        
204           34.906        
205           34.907        
206           34.907        
207           34.907        
208           34.907        
209           34.907        
210           34.907        
211           34.908        
212           34.909        
213           34.910        
214           34.910        
215           34.911        
216           34.911        
217           34.911        
218           34.912        
219           34.911        
220           34.911        
221           34.911        
222           34.911        
223           34.911        
224           34.910        
225           34.909        
226           34.909        
227           34.908        
228           34.908        
229           34.908        
230           34.907        
231           34.907        
232           34.907        
233           34.907        
234           34.906        
235           34.905        
236           34.905        
237           34.905        
238           34.904        
239           34.904        
240           34.903        
241           34.903        
242           34.903        
243           34.903        
244           34.903        
245           34.904        
246           34.904        
247           34.904        
248           34.905        
249           34.905        
250           34.904        
251           34.905        
252           34.905        
253           34.907        
254           34.908        
255           34.910        
256           34.911        
257           34.910        
258           34.910        
259           34.910        
260           34.911        
261           34.911        
262           34.911        
263           34.911        
264           34.912        
265           34.912        
266           34.912        
267           34.912        
268           34.911        
269           34.910        
270           34.910        
271           34.910        
272           34.910        
273           34.910        
274           34.909        
275           34.908        
276           34.907        
277           34.907        
278           34.907        
279           34.906        
280           34.905        
281           34.905        
282           34.905        
283           34.904        
284           34.904        
285           34.904        
286           34.904        
287           34.903        
288           34.903        
289           34.903        
290           34.904        
291           34.904        
292           34.905        
293           34.904        
294           34.905        
295           34.906        
296           34.907        
297           34.908        
298           34.910        
299           34.910        
300           34.910        
301           34.911        
302           34.911        
303           34.911        
304           34.910        
305           34.910        
306           34.910        
307           34.911        
308           34.910        
309           34.910        
310           34.909        
311           34.909        
312           34.908        
313           34.908        
314           34.908        
315           34.906        
316           34.906        
317           34.906        
318           34.905        
319           34.905        
320           34.905        
321           34.905        
322           34.904        
323           34.905        
324           34.905        
325           34.905        
326           34.905        
327           34.906        
328           34.906        
329           34.906        
330           34.906        
331           34.907        
332           34.907        
333           34.908        
334           34.909        
335           34.909        
336           34.910        
337           34.910        
338           34.911        
339           34.911        
340           34.911        
341           34.912        
342           34.912        
343           34.912        
344           34.912        
345           34.912        
346           34.911        
347           34.911        
348           34.910        
349           34.909        
350           34.908        
351           34.908        
352           34.908        
353           34.908        
354           34.908        
355           34.907        
356           34.907        
357           34.906        
