1             34.897        
2             34.897        
3             34.899        
4             34.900        
5             34.901        
6             34.902        
7             34.904        
8             34.906        
9             34.908        
10            34.911        
11            34.912        
12            34.914        
13            34.918        
14            34.919        
15            34.919        
16            34.920        
17            34.920        
18            34.922        
19            34.922        
20            34.922        
21            34.921        
22            34.920        
23            34.920        
24            34.920        
25            34.920        
26            34.920        
27            34.920        
28            34.919        
29            34.919        
30            34.918        
31            34.918        
32            34.918        
33            34.917        
34            34.916        
35            34.916        
36            34.915        
37            34.914        
38            34.914        
39            34.914        
40            34.913        
41            34.912        
42            34.912        
43            34.912        
44            34.911        
45            34.910        
46            34.910        
47            34.909        
48            34.909        
49            34.909        
50            34.909        
51            34.908        
52            34.907        
53            34.907        
54            34.906        
55            34.905        
56            34.905        
57            34.904        
58            34.904        
59            34.904        
60            34.902        
61            34.902        
62            34.901        
63            34.900        
64            34.900        
65            34.900        
66            34.900        
67            34.900        
68            34.899        
69            34.898        
70            34.897        
71            34.897        
72            34.896        
73            34.897        
74            34.897        
75            34.898        
76            34.899        
77            34.900        
78            34.904        
79            34.905        
80            34.908        
81            34.909        
82            34.911        
83            34.915        
84            34.918        
85            34.918        
86            34.923        
87            34.925        
88            34.927        
89            34.928        
90            34.929        
91            34.929        
92            34.929        
93            34.928        
94            34.928        
95            34.928        
96            34.928        
97            34.928        
98            34.928        
99            34.927        
100           34.926        
101           34.926        
102           34.926        
103           34.925        
104           34.924        
105           34.924        
106           34.923        
107           34.923        
108           34.923        
109           34.923        
110           34.922        
111           34.922        
112           34.921        
113           34.920        
114           34.920        
115           34.919        
116           34.919        
117           34.919        
118           34.918        
119           34.918        
120           34.918        
121           34.918        
122           34.916        
123           34.917        
124           34.916        
125           34.915        
126           34.914        
127           34.913        
128           34.912        
129           34.912        
130           34.911        
131           34.911        
132           34.910        
133           34.910        
134           34.910        
135           34.909        
136           34.908        
137           34.908        
138           34.907        
139           34.907        
140           34.906        
141           34.905        
142           34.905        
143           34.904        
144           34.904        
145           34.903        
146           34.903        
147           34.903        
148           34.902        
149           34.902        
150           34.901        
151           34.901        
152           34.900        
153           34.899        
154           34.899        
155           34.899        
156           34.898        
157           34.898        
158           34.897        
159           34.897        
160           34.897        
161           34.897        
162           34.898        
163           34.899        
164           34.902        
165           34.905        
166           34.909        
167           34.911        
168           34.912        
169           34.917        
170           34.919        
171           34.921        
172           34.922        
173           34.923        
174           34.923        
175           34.924        
176           34.925        
177           34.924        
178           34.924        
179           34.924        
180           34.923        
181           34.923        
182           34.923        
183           34.923        
184           34.922        
185           34.922        
186           34.922        
187           34.921        
188           34.921        
189           34.921        
190           34.920        
191           34.920        
192           34.920        
193           34.919        
194           34.919        
195           34.918        
196           34.918        
197           34.916        
198           34.916        
199           34.916        
200           34.916        
201           34.915        
202           34.915        
203           34.913        
204           34.913        
205           34.913        
206           34.912        
207           34.911        
208           34.911        
209           34.911        
210           34.910        
211           34.910        
212           34.909        
213           34.908        
214           34.908        
215           34.907        
216           34.907        
217           34.906        
218           34.905        
219           34.905        
220           34.904        
221           34.904        
222           34.904        
223           34.903        
224           34.903        
225           34.903        
226           34.902        
227           34.902        
228           34.901        
229           34.900        
230           34.900        
231           34.899        
232           34.899        
233           34.898        
234           34.899        
235           34.899        
236           34.899        
237           34.900        
238           34.901        
239           34.904        
240           34.905        
241           34.907        
242           34.910        
243           34.912        
244           34.915        
245           34.917        
246           34.919        
247           34.921        
248           34.923        
249           34.925        
250           34.926        
251           34.927        
252           34.928        
253           34.928        
254           34.927        
255           34.927        
256           34.927        
257           34.927        
258           34.927        
259           34.927        
260           34.926        
261           34.926        
262           34.925        
263           34.925        
264           34.924        
265           34.924        
266           34.924        
267           34.924        
268           34.923        
269           34.923        
270           34.922        
271           34.922        
272           34.921        
273           34.922        
274           34.921        
275           34.920        
276           34.920        
277           34.920        
278           34.919        
279           34.918        
280           34.918        
281           34.917        
282           34.918        
283           34.917        
284           34.916        
285           34.916        
286           34.915        
287           34.915        
288           34.914        
289           34.914        
290           34.913        
291           34.912        
292           34.913        
293           34.911        
294           34.911        
295           34.911        
296           34.910        
297           34.910        
298           34.909        
299           34.908        
300           34.908        
301           34.907        
302           34.907        
303           34.906        
304           34.906        
305           34.906        
306           34.905        
307           34.905        
308           34.904        
309           34.902        
310           34.902        
311           34.902        
312           34.902        
313           34.901        
314           34.900        
315           34.900        
316           34.900        
317           34.902        
318           34.902        
319           34.903        
320           34.904        
321           34.905        
322           34.906        
323           34.906        
324           34.907        
325           34.910        
326           34.911        
327           34.917        
328           34.919        
329           34.920        
330           34.920        
331           34.920        
332           34.920        
333           34.920        
334           34.920        
335           34.918        
336           34.918        
337           34.918        
338           34.918        
339           34.918        
340           34.918        
341           34.917        
342           34.917        
343           34.917        
344           34.916        
345           34.915        
346           34.915        
347           34.914        
348           34.914        
349           34.913        
350           34.913        
351           34.912        
352           34.912        
353           34.911        
354           34.911        
355           34.911        
356           34.911        
357           34.910        
358           34.909        
359           34.909        
360           34.909        
361           34.908        
362           34.908        
363           34.908        
364           34.907        
365           34.906        
366           34.905        
367           34.904        
368           34.904        
369           34.903        
370           34.903        
371           34.902        
372           34.902        
373           34.900        
374           34.899        
375           34.899        
376           34.900        
377           34.900        
378           34.900        
379           34.901        
380           34.902        
381           34.904        
382           34.907        
383           34.909        
384           34.911        
385           34.912        
386           34.913        
387           34.917        
388           34.919        
389           34.921        
390           34.924        
391           34.925        
392           34.925        
393           34.926        
394           34.926        
395           34.925        
396           34.924        
397           34.924        
398           34.925        
399           34.925        
400           34.924        
401           34.924        
402           34.924        
403           34.923        
404           34.923        
405           34.922        
406           34.922        
407           34.922        
408           34.921        
409           34.921        
410           34.921        
411           34.920        
412           34.920        
413           34.919        
414           34.919        
415           34.918        
416           34.918        
417           34.917        
418           34.916        
419           34.916        
420           34.916        
421           34.916        
422           34.915        
423           34.914        
424           34.914        
425           34.913        
426           34.912        
427           34.912        
428           34.912        
429           34.912        
430           34.911        
431           34.910        
432           34.910        
433           34.910        
434           34.910        
435           34.909        
436           34.908        
437           34.908        
438           34.908        
439           34.907        
440           34.907        
441           34.906        
442           34.905        
443           34.905        
444           34.904        
445           34.904        
446           34.903        
447           34.902        
448           34.902        
449           34.901        
450           34.901        
451           34.900        
452           34.900        
453           34.900        
454           34.901        
455           34.903        
456           34.904        
457           34.906        
458           34.907        
459           34.909        
460           34.912        
461           34.913        
462           34.915        
463           34.916        
464           34.917        
465           34.919        
466           34.920        
467           34.920        
468           34.921        
469           34.921        
470           34.922        
471           34.922        
472           34.921        
473           34.921        
474           34.921        
475           34.921        
476           34.921        
477           34.921        
478           34.921        
479           34.920        
480           34.920        
481           34.918        
482           34.918        
483           34.917        
484           34.917        
485           34.917        
486           34.916        
487           34.916        
488           34.914        
489           34.914        
490           34.914        
491           34.914        
492           34.913        
493           34.913        
494           34.913        
495           34.912        
496           34.912        
497           34.911        
498           34.910        
499           34.910        
500           34.910        
501           34.909        
502           34.908        
503           34.908        
504           34.907        
505           34.907        
506           34.907        
507           34.906        
508           34.905        
509           34.905        
510           34.905        
511           34.904        
512           34.904        
513           34.903        
514           34.902        
515           34.902        
516           34.901        
517           34.901        
518           34.901        
519           34.900        
520           34.900        
521           34.901        
522           34.902        
523           34.902        
524           34.903        
525           34.906        
526           34.907        
527           34.909        
528           34.910        
529           34.912        
