1             34.960        
2             34.970        
3             34.979        
4             34.991        
5             34.995        
6             35.005        
7             35.012        
8             35.021        
9             35.040        
10            35.045        
11            35.049        
12            35.058        
13            35.065        
14            35.070        
15            35.071        
16            35.071        
17            35.070        
18            35.070        
19            35.072        
20            35.071        
21            35.072        
22            35.071        
23            35.071        
24            35.071        
25            35.070        
26            35.070        
27            35.068        
28            35.068        
29            35.068        
30            35.067        
31            35.065        
32            35.064        
33            35.062        
34            35.061        
35            35.059        
36            35.058        
37            35.057        
38            35.054        
39            35.053        
40            35.051        
41            35.050        
42            35.049        
43            35.048        
44            35.047        
45            35.044        
46            35.043        
47            35.042        
48            35.041        
49            35.040        
50            35.039        
51            35.037        
52            35.036        
53            35.033        
54            35.031        
55            35.030        
56            35.029        
57            35.028        
58            35.026        
59            35.024        
60            35.023        
61            35.021        
62            35.020        
63            35.019        
64            35.018        
65            35.017        
66            35.014        
67            35.013        
68            35.011        
69            35.008        
70            35.007        
71            35.004        
72            35.003        
73            35.002        
74            35.000        
75            35.000        
76            34.999        
77            34.996        
78            34.995        
79            34.993        
80            34.993        
81            34.992        
82            34.990        
83            34.988        
84            34.986        
85            34.985        
86            34.984        
87            34.982        
88            34.980        
89            34.979        
90            34.978        
91            34.976        
92            34.976        
93            34.974        
94            34.973        
95            34.971        
96            34.970        
97            34.967        
98            34.965        
99            34.964        
100           34.960        
101           34.959        
102           34.958        
103           34.957        
104           34.955        
105           34.953        
106           34.952        
107           34.950        
108           34.949        
109           34.947        
110           34.945        
111           34.944        
112           34.943        
113           34.942        
114           34.941        
115           34.940        
116           34.938        
117           34.937        
118           34.936        
119           34.934        
120           34.933        
121           34.932        
122           34.930        
123           34.929        
124           34.927        
125           34.926        
126           34.927        
127           34.929        
128           34.932        
129           34.941        
130           34.949        
131           34.967        
132           34.974        
133           34.983        
134           34.999        
135           35.004        
136           35.009        
137           35.024        
138           35.028        
139           35.034        
140           35.038        
141           35.042        
142           35.050        
143           35.052        
144           35.055        
145           35.056        
146           35.057        
147           35.059        
148           35.059        
149           35.058        
150           35.057        
151           35.057        
152           35.056        
153           35.055        
154           35.054        
155           35.052        
156           35.052        
157           35.051        
158           35.051        
159           35.049        
160           35.048        
161           35.047        
162           35.045        
163           35.042        
164           35.042        
165           35.040        
166           35.040        
167           35.039        
168           35.038        
169           35.037        
170           35.034        
171           35.033        
172           35.031        
173           35.029        
174           35.028        
175           35.027        
176           35.025        
177           35.025        
178           35.024        
179           35.022        
180           35.020        
181           35.019        
182           35.017        
183           35.015        
184           35.014        
185           35.012        
186           35.010        
187           35.009        
188           35.008        
189           35.006        
190           35.004        
191           35.002        
192           35.000        
193           35.000        
194           34.998        
195           34.996        
196           34.994        
197           34.993        
198           34.991        
199           34.989        
200           34.987        
201           34.986        
202           34.984        
203           34.983        
204           34.982        
205           34.981        
206           34.980        
207           34.978        
208           34.977        
209           34.976        
210           34.974        
211           34.973        
212           34.972        
213           34.970        
214           34.968        
215           34.965        
216           34.963        
217           34.961        
218           34.961        
219           34.960        
220           34.956        
221           34.956        
222           34.954        
223           34.952        
224           34.952        
225           34.950        
226           34.948        
227           34.947        
228           34.945        
229           34.944        
230           34.942        
231           34.941        
232           34.941        
233           34.938        
234           34.936        
235           34.935        
236           34.933        
237           34.933        
238           34.931        
239           34.930        
240           34.929        
241           34.928        
242           34.928        
243           34.926        
244           34.925        
245           34.925        
246           34.926        
247           34.929        
248           34.933        
249           34.938        
250           34.946        
251           34.960        
252           34.965        
253           34.971        
254           35.000        
255           35.018        
256           35.049        
257           35.060        
258           35.067        
259           35.076        
260           35.080        
261           35.090        
262           35.094        
263           35.096        
264           35.098        
265           35.097        
266           35.097        
267           35.098        
268           35.098        
269           35.098        
270           35.098        
271           35.098        
272           35.098        
273           35.098        
274           35.098        
275           35.098        
276           35.098        
277           35.095        
278           35.093        
279           35.091        
280           35.089        
281           35.087        
282           35.085        
283           35.083        
284           35.082        
285           35.082        
286           35.081        
287           35.078        
288           35.077        
289           35.077        
290           35.076        
291           35.075        
292           35.074        
293           35.072        
294           35.070        
295           35.068        
296           35.067        
297           35.066        
298           35.063        
299           35.062        
300           35.061        
301           35.060        
302           35.059        
303           35.057        
304           35.056        
305           35.055        
306           35.053        
307           35.052        
308           35.050        
309           35.048        
310           35.047        
311           35.043        
312           35.042        
313           35.041        
314           35.038        
315           35.037        
316           35.036        
317           35.035        
318           35.034        
319           35.033        
320           35.031        
321           35.029        
322           35.028        
323           35.028        
324           35.026        
325           35.024        
326           35.022        
327           35.020        
328           35.018        
329           35.016        
330           35.015        
331           35.013        
332           35.011        
333           35.010        
334           35.008        
335           35.006        
336           35.005        
337           35.003        
338           35.003        
339           35.001        
340           35.000        
341           35.000        
342           34.998        
343           34.996        
344           34.995        
345           34.993        
346           34.992        
347           34.991        
348           34.990        
349           34.989        
350           34.986        
351           34.985        
352           34.984        
353           34.981        
354           34.981        
355           34.977        
356           34.976        
357           34.975        
358           34.973        
359           34.971        
360           34.969        
361           34.968        
362           34.967        
363           34.965        
364           34.963        
365           34.962        
366           34.958        
367           34.958        
368           34.956        
369           34.955        
370           34.954        
371           34.952        
372           34.952        
373           34.950        
374           34.949        
375           34.948        
376           34.945        
377           34.944        
378           34.942        
379           34.940        
380           34.939        
381           34.937        
382           34.936        
383           34.935        
384           34.933        
385           34.932        
386           34.929        
387           34.928        
388           34.927        
389           34.926        
390           34.926        
391           34.927        
392           34.930        
393           34.934        
394           34.948        
395           34.953        
396           34.957        
397           34.965        
398           34.969        
399           34.981        
400           34.989        
401           34.996        
402           35.016        
403           35.027        
404           35.038        
405           35.050        
406           35.055        
407           35.062        
408           35.063        
409           35.063        
410           35.064        
411           35.063        
412           35.062        
413           35.062        
414           35.062        
415           35.061        
416           35.061        
417           35.061        
418           35.060        
419           35.059        
420           35.058        
421           35.058        
422           35.058        
423           35.057        
424           35.056        
425           35.055        
426           35.054        
427           35.053        
428           35.050        
429           35.048        
430           35.047        
431           35.045        
432           35.044        
433           35.043        
434           35.041        
435           35.041        
436           35.039        
437           35.038        
438           35.036        
439           35.035        
440           35.034        
441           35.032        
442           35.031        
443           35.029        
444           35.028        
445           35.027        
446           35.024        
447           35.023        
448           35.021        
449           35.019        
450           35.018        
451           35.016        
452           35.014        
453           35.013        
454           35.010        
455           35.009        
456           35.008        
457           35.006        
458           35.005        
459           35.003        
460           35.002        
461           35.001        
462           34.998        
463           34.997        
464           34.996        
465           34.995        
466           34.994        
467           34.991        
468           34.990        
469           34.989        
470           34.987        
471           34.986        
472           34.983        
473           34.982        
474           34.981        
475           34.978        
476           34.977        
477           34.976        
478           34.975        
479           34.974        
480           34.971        
481           34.970        
482           34.969        
483           34.967        
484           34.965        
485           34.964        
486           34.962        
487           34.961        
488           34.958        
489           34.957        
490           34.955        
491           34.954        
492           34.953        
493           34.951        
494           34.950        
495           34.949        
496           34.947        
497           34.946        
498           34.943        
499           34.942        
500           34.941        
501           34.938        
502           34.936        
503           34.936        
504           34.935        
505           34.934        
506           34.933        
507           34.932        
508           34.931        
509           34.929        
510           34.927        
511           34.927        
512           34.927        
513           34.930        
514           34.939        
515           34.943        
516           34.947        
517           34.962        
518           34.969        
519           34.975        
520           34.978        
521           34.983        
522           34.996        
523           35.003        
524           35.017        
525           35.025        
526           35.032        
527           35.043        
528           35.046        
529           35.048        
530           35.050        
531           35.050        
532           35.048        
533           35.047        
534           35.046        
535           35.045        
536           35.045        
537           35.046        
538           35.046        
539           35.045        
540           35.044        
541           35.043        
542           35.043        
543           35.041        
544           35.040        
545           35.039        
546           35.038        
547           35.037        
548           35.036        
549           35.036        
550           35.033        
551           35.033        
552           35.032        
553           35.031        
554           35.030        
555           35.029        
556           35.028        
557           35.027        
558           35.025        
559           35.024        
560           35.022        
561           35.020        
562           35.019        
563           35.016        
564           35.015        
565           35.013        
566           35.011        
567           35.009        
568           35.007        
569           35.005        
570           35.004        
571           35.001        
572           35.000        
573           35.000        
574           34.998        
575           34.997        
576           34.995        
577           34.994        
578           34.992        
579           34.991        
580           34.989        
581           34.988        
582           34.985        
583           34.984        
584           34.981        
585           34.980        
586           34.980        
587           34.978        
588           34.977        
589           34.975        
590           34.974        
591           34.972        
592           34.970        
593           34.969        
594           34.968        
595           34.966        
596           34.965        
597           34.964        
598           34.963        
599           34.962        
600           34.960        
601           34.959        
602           34.956        
603           34.954        
604           34.953        
605           34.951        
606           34.950        
607           34.948        
608           34.946        
609           34.945        
610           34.943        
611           34.942        
612           34.941        
613           34.939        
614           34.938        
615           34.936        
616           34.933        
617           34.932        
618           34.931        
619           34.930        
620           34.929        
621           34.927        
622           34.927        
623           34.928        
624           34.930        
625           34.932        
626           34.942        
627           34.949        
628           34.965        
629           34.978        
630           34.987        
