48            34.965        
49            34.965        
50            34.962        
51            34.961        
52            34.960        
53            34.958        
54            34.956        
55            34.955        
56            34.953        
57            34.952        
58            34.949        
59            34.949        
60            34.948        
61            34.945        
62            34.944        
63            34.941        
64            34.940        
65            34.939        
66            34.937        
67            34.936        
68            34.935        
69            34.932        
70            34.931        
71            34.930        
72            34.929        
73            34.929        
74            34.927        
75            34.926        
76            34.924        
77            34.924        
78            34.925        
79            34.926        
80            34.927        
81            34.929        
82            34.933        
83            34.936        
84            34.943        
85            34.945        
86            34.946        
87            34.948        
88            34.949        
89            34.952        
90            34.955        
91            34.959        
92            34.964        
93            34.966        
94            34.968        
95            34.971        
96            34.972        
97            34.972        
98            34.972        
99            34.972        
100           34.971        
101           34.972        
102           34.971        
103           34.970        
104           34.970        
105           34.969        
106           34.968        
107           34.968        
108           34.966        
109           34.965        
110           34.963        
111           34.962        
112           34.961        
113           34.960        
114           34.959        
115           34.956        
116           34.955        
117           34.955        
118           34.952        
119           34.951        
120           34.950        
121           34.949        
122           34.948        
123           34.944        
124           34.943        
125           34.941        
126           34.939        
127           34.938        
128           34.936        
129           34.934        
130           34.933        
131           34.932        
132           34.930        
133           34.929        
134           34.928        
135           34.927        
136           34.926        
137           34.925        
138           34.925        
139           34.924        
140           34.924        
141           34.926        
142           34.928        
143           34.931        
144           34.936        
145           34.937        
146           34.940        
147           34.944        
148           34.947        
149           34.953        
150           34.955        
151           34.958        
152           34.960        
153           34.963        
154           34.968        
155           34.971        
156           34.975        
157           34.980        
158           34.981        
159           34.982        
160           34.982        
161           34.982        
162           34.981        
163           34.980        
164           34.980        
165           34.980        
166           34.979        
167           34.977        
168           34.976        
169           34.976        
170           34.973        
171           34.972        
172           34.971        
173           34.969        
174           34.968        
175           34.966        
176           34.965        
177           34.964        
178           34.962        
179           34.962        
180           34.958        
181           34.957        
182           34.956        
183           34.954        
184           34.953        
185           34.952        
186           34.951        
187           34.950        
188           34.948        
189           34.947        
190           34.946        
191           34.943        
192           34.942        
193           34.941        
194           34.939        
195           34.937        
196           34.936        
197           34.935        
198           34.934        
199           34.932        
200           34.932        
201           34.930        
202           34.928        
203           34.927        
204           34.925        
205           34.925        
206           34.924        
207           34.924        
208           34.925        
209           34.929        
210           34.932        
211           34.932        
212           34.936        
213           34.938        
214           34.942        
215           34.944        
216           34.946        
217           34.951        
218           34.953        
219           34.956        
220           34.959        
221           34.961        
222           34.967        
223           34.970        
224           34.971        
225           34.974        
226           34.975        
227           34.975        
228           34.974        
229           34.974        
230           34.973        
231           34.973        
232           34.973        
233           34.973        
234           34.972        
235           34.972        
236           34.972        
237           34.970        
238           34.968        
239           34.967        
240           34.966        
241           34.964        
242           34.963        
243           34.960        
244           34.958        
245           34.957        
246           34.956        
247           34.955        
248           34.953        
249           34.952        
250           34.951        
251           34.949        
252           34.948        
253           34.946        
254           34.945        
255           34.944        
256           34.941        
257           34.940        
258           34.939        
259           34.937        
260           34.935        
261           34.934        
262           34.932        
263           34.932        
264           34.931        
265           34.930        
266           34.928        
267           34.927        
268           34.925        
269           34.925        
270           34.925        
271           34.925        
272           34.926        
273           34.927        
274           34.933        
275           34.937        
276           34.939        
277           34.946        
278           34.948        
279           34.952        
280           34.954        
281           34.956        
282           34.961        
283           34.962        
284           34.963        
285           34.966        
286           34.966        
287           34.970        
288           34.973        
289           34.974        
290           34.974        
291           34.973        
292           34.973        
293           34.971        
294           34.971        
295           34.970        
296           34.969        
297           34.969        
298           34.968        
299           34.967        
300           34.966        
301           34.965        
302           34.965        
303           34.963        
304           34.962        
305           34.959        
306           34.958        
307           34.958        
308           34.956        
309           34.955        
310           34.954        
311           34.952        
312           34.951        
313           34.949        
314           34.948        
315           34.946        
316           34.944        
317           34.943        
318           34.940        
319           34.939        
320           34.938        
321           34.937        
322           34.936        
323           34.935        
324           34.932        
325           34.932        
326           34.929        
327           34.928        
328           34.928        
329           34.925        
330           34.924        
331           34.924        
332           34.924        
333           34.924        
334           34.926        
335           34.927        
336           34.928        
337           34.932        
338           34.934        
339           34.939        
340           34.942        
341           34.946        
342           34.955        
343           34.958        
344           34.967        
345           34.970        
346           34.974        
347           34.979        
348           34.980        
349           34.982        
350           34.983        
351           34.983        
352           34.983        
353           34.983        
354           34.983        
355           34.984        
356           34.984        
357           34.983        
358           34.982        
359           34.982        
360           34.981        
361           34.980        
362           34.979        
363           34.978        
364           34.977        
365           34.974        
366           34.974        
367           34.973        
368           34.971        
369           34.970        
370           34.969        
371           34.967        
372           34.966        
373           34.965        
374           34.964        
375           34.963        
376           34.961        
377           34.960        
378           34.958        
379           34.957        
380           34.956        
381           34.954        
382           34.953        
383           34.951        
384           34.948        
385           34.946        
386           34.944        
387           34.943        
388           34.941        
389           34.939        
390           34.939        
391           34.937        
392           34.936        
393           34.935        
394           34.934        
395           34.933        
396           34.932        
397           34.930        
398           34.929        
399           34.928        
400           34.927        
401           34.926        
402           34.927        
403           34.928        
404           34.930        
405           34.930        
406           34.931        
407           34.934        
408           34.936        
409           34.938        
410           34.942        
411           34.945        
