352.613 98276.55
350.939 93372.95
348.781 87354.78
346.756 81968.56
344.608 76594.33
342.392 71314.77
340.085 66129.86
337.55 60810.30
334.918 55625.39
332.078 50425.82
332.342 50923.11
334.826 55464.07
337.479 60662.31
339.996 65941.88
342.304 71086.79
344.429 76125.04
346.657 81685.92
348.536 86629.51
350.458 91909.08
352.284 97160.64
352.504 97872.58
350.788 92875.66
348.774 87288.12
346.75 82021.89
344.755 76943.64
342.594 71798.73
340.228 66492.50
337.689 61119.61
335.081 55961.37
331.99 50332.49
